123.35753672268818      			0.006664750865902195
123.3280875832963      				0.006464511799440958
123.29865250133203      			0.00623411765052603
123.26800589498956      			0.005937530555570792
123.23614958128104      			0.005651323997688917
123.20430972865704      			0.005337586765382377
123.17493369486417      			0.005023887792599939
123.14434855211401      			0.004739240312332744
123.11377859457579      			0.004431541459079726
123.08444571109136      			0.004189115300592365
123.02215972022725      			0.0038218709916468968
122.99043033215563      			0.003721192482828917
122.96115618974079      			0.0036699304524283765
122.92945825739103      			0.0036776086800447876
122.9014313986176      				0.0037497301043178406
122.86976424751447      			0.0038674800784101303
122.83933044945054      			0.004041029257502703
122.80891172404036      			0.004289688871033057
122.77729222665145      			0.004568062411388468
122.74811944641405      			0.004914755574479071
122.71896052621418      			0.0052271373922914725
122.68738732521193      			0.005598783778132764
122.6570437953735      				0.005963030056253915
122.62671527118738      			0.0063299804269044595
122.59640174152537      			0.006706596152004226
122.56489156491767      			0.00702526505649372
122.53824175651258      			0.007380248941116398
122.50676146595995      			0.007630872785561884
122.47529734593748      			0.007836845523531534
122.44505862235643      			0.007993727411131605
122.41483482676036      			0.008088253844811653
122.38462594809778      			0.00813022850819108
122.35443197532805      			0.00810307204560491
122.32545977469456      			0.0080181384222766
122.29408870335901      			0.007879252610651616
122.26273371848319      			0.007680993761858284
122.2338049227457      				0.007437380891752426
122.2048898135541      				0.007190493471461518
122.17478445151254      			0.0068791163308274976
122.14349060580989      			0.006582340114090701
122.11221278721146      			0.006257205477182312
122.08335516925413      			0.005951417723535906
122.05330965056746      			0.005659830913804181
122.02447986264534      			0.005344845461212944
121.99446331261075      			0.005124784760862307
121.90330361650568      			0.004736773436691798
121.87454464149515      			0.004727789008465421
121.84460180160328      			0.004784929615495835
121.8134768517414      				0.00492140719404006
121.78236779942581      			0.005124532254654501
121.75247022992491      			0.00540755321353592
121.72378237061707      			0.005705720850323003
121.69510802724692      			0.00605065508024778
121.66525328169041      			0.006470177133200383
121.63541318071972      			0.0068895310080731385
121.60558771356216      			0.007368180791447818
121.57458473969861      			0.0077821504300268005
121.54359757003316      			0.008252073635077172
121.5150080457498      				0.008692849670289314
121.48643196797781      			0.009063720501388886
121.45667950866414      			0.009429855233024411
121.42575240604408      			0.009701112939063035
121.39721828753211      			0.00995722869831346
121.36632145544547      			0.010106715272103255
121.33544034647588      			0.010192042485596995
121.30813553924372      			0.010212584531639349
121.2772840296966      				0.010143637962419827
121.2488196382016      				0.009995866995660792
121.21918343508514      			0.009806564818972376
121.18837714842526      			0.009513325665670999
121.15877048160834      			0.009201139712678844
121.12917827724478      			0.008805234252577657
121.09960052474013      			0.008420124139816606
121.07003721351023      			0.007982997828796913
121.04048833298131      			0.007503598296474265
121.0109538725899      				0.007131490926579825
120.98143382178277      			0.006709862124863535
120.92361628116319      			0.006057883469379603
120.89296002148993      			0.0058163709129112505
120.86231930167712      			0.005637771832232493
120.83522699378148      			0.005522209914351395
120.80579260578132      			0.005508891638900534
120.77519605018598      			0.005580115316328403
120.74579089737192      			0.005718415983009817
120.68702352649557      			0.00625747432528292
120.65648709515506      			0.00662066795961142
120.62831333233389      			0.007136058676120054
120.59897965045126      			0.007587689573616426
120.56966023148381      			0.00814298226369799
120.54152699817166      			0.008642645497940922
120.51106414070435      			0.009204540419798695
120.48295824270639      			0.009725589890189469
120.45135477372604      			0.01022237682536574
120.42327671672585      			0.010766953426674206
120.39404265720167      			0.011157774976544495
120.36482278800415      			0.011532529033610595
120.33444916603362      			0.011783272834835582
120.30759296813328      			0.01198492493142509
120.27841504180152      			0.012089349303256315
120.24691877375125      			0.01210519877120618
120.2189359357323      				0.012024978676138645
120.18863588789955      			0.011864940674643823
120.16068016634628      			0.011600718368683887
120.13157344873841      			0.011327451510407031
120.10248082885096      			0.010940241489949756
120.07340229644424      			0.01054852536175406
120.04433784128835      			0.010117132871488455
120.01528745316331      			0.009633744085276206
119.98625112185908      			0.009150263211495752
119.95722883717545      			0.008669355156847075
119.92822058892209      			0.008313765853050338
119.90038586662227      			0.007914623872417004
119.87140510024985      			0.007639922603796585
119.84012160416732      			0.007418934228303643
119.81116995954835      			0.007279865306556747
119.78338953813697      			0.007241672804552664
119.75562199654155      			0.007317476361931447
119.69781427987704      			0.00776727293823631
119.66893134494086      			0.008101425557644646
119.63775342722823      			0.008556233392223654
119.61005335793959      			0.009103146975768925
119.58005942077239      			0.009736047884506358
119.55238605806689      			0.010365767042711473
119.52357325534977      			0.010991961109751992
119.49477433738393      			0.011766072032426717
119.46598929413524      			0.012130950454781736
119.43721811557933      			0.013170087033575532
119.41076086799521      			0.013748012130289975
119.37971731249644      			0.014349865137435037
119.35213658824945      			0.014766458398950433
119.32227184813287      			0.01518437561602306
119.29356984301218      			0.015500263922426207
119.26488164264016      			0.015664255808694977
119.23506054762744      			0.015731384529393523
119.20754661632336      			0.015705618091215755
119.17889977049315      			0.015543579403186044
119.15141174871168      			0.015351105928054727
119.12164736384719      			0.01500567367303064
119.09304178320326      			0.014615977190905712
119.06444993780916      			0.014143570156805275
119.03587181777453      			0.013589194271032954
119.00730741321863      			0.013040741256372545
118.97989847920411      			0.01241568185993358
118.95136092836049      			0.011960236685782647
118.92169639375719      			0.0116319550709818
118.89318675249748      			0.010934153348754597
118.86355122257108      			0.010613835101738004
118.83620845880404      			0.010335103630380179
118.80773978673153      			0.01019708600437693
118.7792847514317      				0.010179055606621749
118.75084334310863      			0.010270799181531131
118.69400136825625      			0.010865101863823789
118.66560078218203      			0.011411187940949365
118.63834900315716      			0.012025541975389326
118.60884036394542      			0.012464732153055576
118.58161464596907      			0.013563461992933804
118.55213421931062      			0.014333390422535822
118.52380147527357      			0.015317167569350917
118.49548227047121      			0.016206671047394865
118.46604464946724      			0.01726426007707567
118.43888443976942      			0.018056423045714892
118.41060579449267      			0.018883910283199086
118.38460136468962      			0.019622820922561363
118.35408899571335      			0.020275166960856576
118.32585082288887      			0.020752548707161374
118.2976261215753      				0.021233914564223022
118.26941488213468      			0.021520345674610388
118.24234474826375      			0.02162320923905501
118.15670435066464      			0.02122455890977994
118.12743479224015      			0.02075604918479558
118.10155457581796      			0.02026052606865328
118.07343676479384      			0.019698804531536655
118.04420844051283      			0.019114214669500692
118.016117925735      				0.018427666579022693
117.96109928000251      			0.017123195198065495
117.93192653924535      			0.016602823091776443
117.9038894312689      				0.01613444785350992
117.87586565119452      			0.01581694960642786
117.8500955365614      				0.01562411592870667
117.81985803675634      			0.015609528859387307
117.79075510577763      			0.015704114154755058
117.76390362002947      			0.016099400426375553
117.73594633712804      			0.01655873503771311
117.70911983104637      			0.017324667103901757
117.68007157496837      			0.018147547931053696
117.65215407682473      			0.01922948219609055
117.62424982139653      			0.020418000103611705
117.59635879926343      			0.02179196732410414
117.56848100101408      			0.023041443923703192
117.540616417246      				0.024505015613533528
117.51276503856563      			0.025910260313203804
117.48381360260717      			0.027314930350214844
117.45710185893822      			0.02876481601405843
117.42929003924857      			0.0300103898805415
117.40371479498077      			0.031156684774872264
117.37370589332724      			0.03200788969484932
117.34704418986091      			0.032876522716174306
117.31817434306639      			0.03334758861677821
117.29264747101786      			0.03379217776210339
117.2638043802096      				0.033842080237020226
117.23497547135362      			0.033756244603402236
117.20616073399263      			0.03335519510097953
117.1784676104259      				0.03287959741814343
117.15189452078712      			0.032198818321083254
117.12422703197656      			0.031308109136912676
117.09767853461851      			0.030231959575549302
117.06893124084284      			0.029338678848813936
117.04130292002363      			0.028141526293206667
116.98608538170578      			0.026260894622810463
116.95849614576343      			0.025366843085713714
116.93091991968409      			0.024732847984443192
116.90335669426764      			0.024220077219468426
116.87580646032261      			0.023969826065911436
116.84937044958761      			0.02400866402268122
116.81964422869363      			0.024222118317056913
116.79323361553118      			0.02489102444879726
116.766834941505      				0.025628741495038413
116.7393490096976      				0.026859495923948304
116.71077736391993      			0.02808190945795125
116.68331781363997      			0.029754839256129262
116.65477358490014      			0.03156125633368724
116.6295345598926      				0.03341388606976322
116.60211322120495      			0.03520524016479054
116.57360870393056      			0.03722388810996916
116.54621365385069      			0.03912474237158533
116.51883147653766      			0.04099394804293732
116.49146216292039      			0.04286932462106206
116.46410570393627      			0.04428171850051221
116.43785558854579      			0.04564351720470888
116.40943131365961      			0.046584242227195434
116.38211336428436      			0.047375672313640656
116.3548082333769      				0.04785623651899623
116.32751591191706      			0.0480132612727393
116.30023639089312      			0.04786818485782292
116.27296966130189      			0.047478638729328386
116.24571571414856      			0.04689092528939181
116.21738515905949      			0.046113440530470964
116.19124613121859      			0.04503079564689818
116.16403047749449      			0.04410168150329947
116.13791544197932      			0.043048206549356004
116.11072476305657      			0.04210132074333122
116.08245995977738      			0.0411989683846318
116.05529523854223      			0.04055669941090024
116.0010039194995      				0.04009859288213662
115.97496212489423      			0.04053660820081445
115.94784768611483      			0.041209884412890245
115.91857832910061      			0.042512628075432296
115.89257352567668      			0.04430719404808293
115.8654975929046      				0.04633377979637066
115.83951659728436      			0.04887225664926531
115.81138366406626      			0.051806046430601126
115.78434565028617      			0.05520454169651832
115.75840103191177      			0.05907162547161364
115.73138774886768      			0.06305801321948434
115.70330730539249      			0.06644951548334857
115.67631972648338      			0.07098409639835394
115.64934473424258      			0.07442317828543642
115.6213040847868      				0.07883573352781438
115.59651022715691      			0.08202035543279101
115.56849518953732      			0.08516410328295389
115.54157045601818      			0.08790341584114653
115.51358203836605      			0.0903260095703398
115.48668288272829      			0.09231980258805715
115.46194672171002      			0.09387276790658244
115.43399686169379      			0.09482857549750953
115.40498632578088      			0.09541218132192658
115.38028514590899      			0.09569137099301567
115.35237480274968      			0.09556844384651934
115.3276961371825      				0.09517756236986993
115.3008834747556      				0.09481218035202886
115.27301152806365      			0.09427499881538129
115.24622428402468      			0.09398498071440296
115.22052023980022      			0.09390366975823207
115.1937573833184      				0.09427244203730321
115.16593719798938      			0.09526897758235346
115.13919968912114      			0.09671292932971308
115.1135433580668      				0.09911712809934553
115.08576189919376      			0.10206438846171635
115.06012937492058      			0.10658164459405516
115.03237368877868      			0.11148903325593244
114.97903498890815      			0.12356291805147457
114.95238418390964      			0.13014952518566406
114.92681103182157      			0.1393623706803719
114.90018442833525      			0.1467709948933176
114.87463449387515      			0.15544266128899764
114.84590439641657      			0.1630887594560919
114.81931526480285      			0.1719728255086335
114.79273844217452      			0.1801282371262733
114.76617391998614      			0.188373203376534
114.7406835430142      				0.19407329689730288
114.71308174278737      			0.2013217655846426
114.6865540707257      				0.2065972491756978
114.65897830379203      			0.21168920399065802
114.63459540778084      			0.2164878412922839
114.60704461854968      			0.2201044406079242
114.5805659608338      				0.22379342749862777
114.55409953547881      			0.22487595331486243
114.50226079297332      			0.23414754472793634
114.47583052576906      			0.23743054013237097
114.44835598829472      			0.24233911849968112
114.42300657945977      			0.24939971239202435
114.3955573889017      				0.257386253595677
114.36917635322389      			0.26757083141508536
114.34280748232942      			0.27746908169577483
114.31855885781147      			0.29242000313497735
114.29010620124946      			0.306005818073141
114.26377377426289      			0.3261431826008968
114.23745347845744      			0.3418574545867629
114.21114530545191      			0.3621539342319209
114.18484924687282      			0.380041669218698
114.15751418794144      			0.40065200791253036
114.13229343953847      			0.42135530429628776
114.10603367407478      			0.4394806251771363
114.07978598962056      			0.45773288038684573
114.05355037784084      			0.47569741258185283
114.02732683040817      			0.4916343991946214
114.00321181484937      			0.508989829311504
113.9759636418487      				0.5226922973422995
113.94872849103406      			0.5353435154780539
113.92255311786921      			0.5478766630728897
113.89534348347335      			0.5589279266653074
113.87337595793444      			0.5709422448352665
113.84409910220594      			0.5795689054649017
113.8179717706821      				0.589788637264959
113.79185642890262      			0.5971625284302263
113.76679697308653      			0.6066028438692384
113.74070510727796      			0.6135114103435906
113.71358225955632      			0.6214033611234515
113.68751479431805      			0.6275378228298573
113.66145927764381      			0.6356338235078157
113.63645721522137      			0.6425713339606659
113.58336433690872      			0.653957457687631
113.53136063552651      			0.6646924288644807
113.50745492011299      			0.6703793749957276
113.47940453173658      			0.6748043982471597
113.45344430852238      			0.6791813278001724
113.4274959602216      				0.6823512783732382
113.40155947868824      			0.6856932296435432
113.37874518466579      			0.6876036634934267
113.35075836684562      			0.6903055004775152
113.32485696327389      			0.6920793871178063
113.29793205756947      			0.69332485253802
113.27205478794362      			0.6941918047484184
113.24825813777808      			0.6950061691798157
113.22033569474047      			0.6952991660724714
113.1944938549825      				0.6955158495747735
113.16866380901213      			0.6958800318468243
113.14387805298313      			0.6953327609352483
113.11807109942835      			0.6949163950153164
113.09124435314456      			0.6944890948430791
113.06546140167926      			0.6940074982204543
113.03969020371568      			0.6934148194439316
113.01393075121865      			0.6919329154429893
112.98818303616031      			0.6911651093752494
112.96347626484147      			0.6896290497615778
112.93672278628503      			0.6883440306024027
112.90998197694104      			0.6866685315157928
112.88530939001333      			0.6846164542166019
112.86064758341779      			0.6830098049716943
112.83496965739248      			0.6809894054443346
112.80725061800726      			0.678539926974642
112.78262290255742      			0.6769091373858716
112.75698046439919      			0.6723642597795874
112.73134968380228      			0.6728601644385466
112.70573055281885      			0.6700104282583168
112.656574448448      				0.6639800976913317
112.62894297817938      			0.6586323233363606
112.60234770338162      			0.6580243176696821
112.5778093644349      				0.6525035487866092
112.5532817179631      				0.6506953803491694
112.52672215900913      			0.6464122660757247
112.50119593967663      			0.6436543091365479
112.45017822835686      			0.6346879361820206
112.4257061590296      				0.6295064766837446
112.39920676769327      			0.6261907247099913
112.3747568763443      				0.6209111270637048
112.34726346004769      			0.6157908240849109
112.32283615919211      			0.6094176961804286
112.29740234698835      			0.6044165312133903
112.27299672124623      			0.5965247007985458
112.24555306925657      			0.5926152229675238
112.22116997270092      			0.5853744516950724
112.1937516484987      				0.578585300394556
112.17142069576809      			0.5712865720952067
112.14504102792172      			0.5644684031393593
112.11968766095697      			0.556252646509777
112.09434575500595      			0.5476485962976528
112.06901530229901      			0.5386839622135112
112.04369629507345      			0.5313509177277153
112.01838872557364      			0.5202407994205188
111.99309258605096      			0.5097395035602741
111.9678078687637      				0.5009364655401414
111.94253456597727      			0.49251819262890584
111.9192932020576      				0.4810684430708582
111.89202217300299      			0.4703738368719744
111.86779241298863      			0.45824712797328226
111.84155534539039      			0.4501069796998238
111.8163389993321      				0.4379422884642079
111.79012605875087      			0.4280466013650749
111.76594040424713      			0.4139252485918171
111.74075813985547      			0.4047773059187259
111.71558722066591      			0.39256723977424085
111.69042763901325      			0.38191498572907207
111.6662850998725      				0.36905517035545327
111.64114771758341      			0.3579915762784125
111.61501684272828      			0.3466218679306871
111.5647995260046      				0.32370949486974515
111.54071126096605      			0.3115088677274446
111.51462737604956      			0.30026513632786844
111.48855568775578      			0.289938807164136
111.46349825073443      			0.27877960353321657
111.44045535453317      			0.26738566351118787
111.41441833291945      			0.2570135692245268
111.38939420632971      			0.24779371233295
111.36438131825479      			0.2374773495804045
111.33837982833693      			0.22776950290630427
111.31538862933483      			0.21817801786391228
111.28941000946028      			0.2105640529693582
111.26444199982001      			0.20203072279396078
111.23948519091616      			0.19435622989567197
111.21453957521342      			0.18638743963127835
111.1896051451832      				0.18056176866112883
111.16468189330365      			0.1741133600323467
111.13976981205967      			0.16888608186066678
111.11686055676593      			0.16282282863039926
111.08997913145181      			0.15857806962148377
111.06410560429212      			0.15404180158283948
111.04023304337339      			0.15041821551379958
111.01637074277579      			0.14604339392343355
110.99152508302099      			0.14277276940014672
110.96569739129293      			0.13924976281478899
110.94087440539693      			0.13607297221194956
110.91705478501663      			0.13223089137310265
110.89225355458511      			0.12923418186742197
110.86746341286354      			0.1261708468460804
110.84268435241688      			0.12334848716837836
110.81593540505655      			0.12037698915944624
110.79216939891108      			0.11751891247484365
110.7674239799516      				0.11521899898538358
110.74466795519577      			0.11280325105606578
110.71796628854585      			0.11043370753547556
110.69424228098444      			0.10811113922634437
110.64386250679514      			0.1042855438160657
110.61819634488677      			0.10226240114223911
110.59648812206365      			0.10018808711306751
110.56985785434972      			0.09842351311936236
110.54521163123071      			0.09658881616050989
110.52057639303936      			0.094939381429498
110.49693689217996      			0.09308330347725637
110.47133884207662      			0.09144323513048105
110.44772039734129      			0.08988414123154642
110.42116171569998      			0.08834792139956828
110.39658172992078      			0.08666051451652738
110.37299523665513      			0.085145871617654
110.34843668773591      			0.08377348956492826
110.32290738745132      			0.08241960365299157
110.30033362030447      			0.08105340719464753
110.27580739230231      			0.0797768422089299
110.25031168290052      			0.07869510010636216
110.22580769299925      			0.07755756004187697
110.20131459308259      			0.07637007237052106
110.1778114557228      				0.07531403356353737
110.12790056069304      			0.07345324539940641
110.10442872425931      			0.0724790113807953
110.07998953151392      			0.07154144624812339
110.05458427726589      			0.07078055938109659
110.03016720437996      			0.06984811011462924
110.00576096359538      			0.06895379177043941
109.98136554770555      			0.06801180187257738
109.95795612582872      			0.06720197809630003
109.93358190585242      			0.06629746014969398
109.90824417743528      			0.06531103348791069
109.88389198918696      			0.06433580755198423
109.85955058989643      			0.06348115443116804
109.83716602519438      			0.06246690023328379
109.81090012952203      			0.06152851878020177
109.78756321049086      			0.060382181315127695
109.76229273904178      			0.05954338136309029
109.73800517714275      			0.05836814753599243
109.71469922768651      			0.05732862247352607
109.68946228434375      			0.05621445046813345
109.66520693918945      			0.055291540220704476
109.64096231870629      			0.05409877514944862
109.61672841578277      			0.053069939362275734
109.59347394546094      			0.05176019801417911
109.56829273420064      			0.050915314650197954
109.54505880778525      			0.04978497005336603
109.51893241576516      			0.04872289966122892
109.49571941610095      			0.04742829363921141
109.47154966954753      			0.04657172776085898
109.44739059094952      			0.04536561120277009
109.42227645818427      			0.04431405832214741
109.39910440938078      			0.043270982562844396
109.3749772923061      				0.0423735470690581
109.35086081497894      			0.041302821671221915
109.32579095763917      			0.04033197810094421
109.3045869780829      				0.03932332060557947
109.27857515114927      			0.038522584031744696
109.23140011033726      			0.036625131043605146
109.20734690017656      			0.03579661264869489
109.18041987798362      			0.03503276238155692
109.15831118420122      			0.034244897111854286
109.13429014870513      			0.0334217920347494
109.11027968287053      			0.03278110134563819
109.0862797797227      				0.03202838422896539
109.06229043229307      			0.03142997770046032
109.03927058311737      			0.03071404752278571
109.01530190470447      			0.03020699979144514
108.99038565471966      			0.029563058576653447
108.96643846059959      			0.02896323953084317
108.94633094842791      			0.028375441216086858
108.9195324729111      				0.027934534452854553
108.89465997632067      			0.027442012446617314
108.86979883673546      			0.02697504980245897
108.84972697116821      			0.02656329298362228
108.82393115942054      			0.026157966805541083
108.79910230107798      			0.025718518795074075
108.7752390809421      				0.02530569659000323
108.75329416186959      			0.024907505207338258
108.72849752193653      			0.02464642834459245
108.70466526025763      			0.02422664380139091
108.67989078841485      			0.02386644557772535
108.65607982791539      			0.023571974372166737
108.63227929874131      			0.023326911002996557
108.61039201895618      			0.022990294802856918
108.5856604945126      				0.022627409236640493
108.56094023066838      			0.022346770172369457
108.53718135832291      			0.022113249352718484
108.51343288309639      			0.021771255864399507
108.48969479816543      			0.021583564444143492
108.46596709671273      			0.021353362255071003
108.42043899194564      			0.020806180241520165
108.39579388992875      			0.02057967304904913
108.37210724021418      			0.02027566990735888
108.34748410343211      			0.020130069379215278
108.32476498325946      			0.019845723917072743
108.30016335252654      			0.019626243673608417
108.27651847418886      			0.019454201610843446
108.20564574648674      			0.019134051139132278
108.18204211718256      			0.018471204203126635
108.15750526396363      			0.01833940439227842
108.1348657380181      				0.018120226229318328
108.11129297469473      			0.01794633850441914
108.08867278890331      			0.017760620022265295
108.06323639165666      			0.01757711225968875
108.04063630910484      			0.017387056825242136
108.0171046063315      				0.017209352676450667
107.9945238134239      				0.01705011709033933
107.97007193921506      			0.01685258555099933
107.94657096149075      			0.016694357254618413
107.92308021207799      			0.016520719628070824
107.89959968430072      			0.01638324234837683
107.87706798795749      			0.01617816245793136
107.8526692669776      				0.01604962821438382
107.82921936410868      			0.015874723886240758
107.80577965622912      			0.015741233739193138
107.7851611413117      				0.015544850467037762
107.75986737696377      			0.015430074093454904
107.73645780731783      			0.015260360070120757
107.71212264175023      			0.015127694510872038
107.68873380922717      			0.014953361592912485
107.6653551318977      				0.014825961921990668
107.64292114952937      			0.014679282762201203
107.61862821637524      			0.014522114513188506
107.59621370051413      			0.014378548800668228
107.57194184235182      			0.014243146701511649
107.54768093234858      			0.014112837910707018
107.52622847834408      			0.013954815190019395
107.50198818128483      			0.013839518779126073
107.47962222098496      			0.01369672129617031
107.45540293047392      			0.013576770034942488
107.43212544233835      			0.013429182043426573
107.40885803697364      			0.013321734133313895
107.36328314548665      			0.013061600950090005
107.34004554675897      			0.012924230294106095
107.31588911231472      			0.01283313765930319
107.29267202267229      			0.012700829221089121
107.27224929203354      			0.012584635669687153
107.24719565527691      			0.012470615412103226
107.2230809890337      				0.01237227689549613
107.20083092034952      			0.012253414807883046
107.17673709759464      			0.012142483954482017
107.15450625658085      			0.012042529344019337
107.12950758144991      			0.01194580425542012
107.10729632699486      			0.011825773520766813
107.08416939527685      			0.011735889508958097
107.06105244867703      			0.011641875952173938
107.03794548073023      			0.011551508256468614
107.01669587781228      			0.011445813725703054
106.99176145496233      			0.011367344736735861
106.9686843842386      				0.011289638392284099
106.94469478857567      			0.011193336697414014
106.92256009489677      			0.011124955895182823
106.9004345619019      				0.011040886185120596
106.85344819466994      			0.010892100962397356
106.8304307445819      				0.010853828975932664
106.80742320880019      			0.01077648198513101
106.78442558092055      			0.010724219844262204
106.76235717357073      			0.010653629752273918
106.73846002327834      			0.010607746836999875
106.71549208073492      			0.010554613970750743
106.69345215327904      			0.010495309417309277
106.66958583629243      			0.010447066555396435
106.64756486481508      			0.010401560941069908
106.62371907022533      			0.010343089214680818
106.60355018678585      			0.010279978969202453
106.57789173162966      			0.01024090176965336
106.55499283175007      			0.010185875684394555
106.53210376968899      			0.010136260687006236
106.50922453910798      			0.010081387616266277
106.48726972132802      			0.010032516548882105
106.4634955470598      				0.009976825870688977
106.44247339392122      			0.009927048159216087
106.41871921552489      			0.009867799690575848
106.39497563694043      			0.009831906143576838
106.37124265107451      			0.009754226076567753
106.34934467519807      			0.009715511715762
106.32745571346194      			0.009655134929034944
106.30284139929473      			0.009612351209177802
106.2818826371892      				0.009538152740895797
106.255468148639      				0.009492826093235061
106.2354383278119      				0.00944312897904435
106.21268633214493      			0.009371371251170362
106.18994407978916      			0.009327692828090145
106.16721156448719      			0.00926057846733368
106.1435800709193      				0.009212511478284122
106.12359240712098      			0.009141589158953122
106.09998032556261      			0.009100419287467965
106.05369482515113      			0.00897914925323438
106.0310206010668      				0.008922771844625203
106.00926246557631      			0.008877611655577168
105.98570122688912      			0.008811747624446701
105.96396168507549      			0.008757938550586727
105.94042057662813      			0.008702024642031042
105.91869960466737      			0.008648739196065833
105.89517860067255      			0.00858060027248809
105.87257210007893      			0.008523043787129128
105.84997524949581      			0.00846874764037011
105.82738804274557      			0.008401035770475072
105.80571339145375      			0.008347011404745808
105.78314506871614      			0.00827629440901658
105.76058637155651      			0.008226270641219264
105.73713553070557      			0.008142503972874592
105.71459645063985      			0.008094862424066865
105.69206697745183      			0.008021973217342566
105.6704477156416      				0.007952262706279464
105.64793705412542      			0.007875854087094823
105.62453613777193      			0.00781050862698762
105.60114558568361      			0.007731557385515795
105.58046257737686      			0.007643194941990629
105.55709153923516      			0.007576993134195758
105.5319342973481      				0.007493624810886552
105.51217630374312      			0.007395098021025554
105.48973301674388      			0.007305583608247604
105.46819644189955      			0.007218203970733757
105.44397830404006      			0.007117342948915438
105.42246040562164      			0.007022307955205958
105.40095128770429      			0.0069145371567861475
105.37765964561346      			0.006835344952009429
105.35527354161167      			0.006692819117011608
105.33200208077568      			0.006620562997312885
105.3114243565751      				0.006503217101219578
105.28817226087573      			0.006400529964906342
105.26582415754481      			0.006290932836759377
105.24259219173521      			0.0061868168721097554
105.19883673370222      			0.005963949400077507
105.17741876064797      			0.005867460610764393
105.15422579595734      			0.005757718142509074
105.13193451246433      			0.0056505511480319315
105.10876160094222      			0.005543371636166205
105.08738028617876      			0.005451603466945698
105.06511733137816      			0.00534026275880212
105.04375376743349      			0.005249365801751632
105.02061970847932      			0.005150264348836008
104.9974958370294      				0.005067156656611858
104.9779374363824      				0.004953285320756877
104.95305546226662      			0.0048687810883187264
104.9308493790005      				0.00477960108263597
104.90954037775586      			0.004678688831299909
104.88735270266518      			0.0045973894105560765
104.8669483288839      				0.004506774574657271
104.84300549586024      			0.004427361360820177
104.82173215414092      			0.004335614566868885
104.79869577390977      			0.00427196885321821
104.77566951673619      			0.004194233648837054
104.7561936624895      				0.004122956654188585
104.73318607651517      			0.00405620337478105
104.71018859462653      			0.003997533959566153
104.687201210169      				0.003926336375142553
104.66599104252128      			0.003869332203756232
104.64390625516064      			0.003817867883674561
104.62094796067727      			0.0037575719401355123
104.60064709589848      			0.003713474756304675
104.5777077770519      				0.0036666758530493706
104.5556602260372      				0.0036324843151322706
104.53450332128176      			0.0035812713045452896
104.51159300124709      			0.003561667532500034
104.48957331572468      			0.003528364198999517
104.46756290696098      			0.003501425383676525
104.44556176909485      			0.003477099504908681
104.42181094651863      			0.003453112336652463
104.37961392234466      			0.003420637664791478
104.3576498095562      				0.003407410035884157
104.33481693573286      			0.003394742205007955
104.31462695130193      			0.003385799962424272
104.29181289786463      			0.0033778819869881957
104.26988571676976      			0.003375588379194477
104.24972085196285      			0.003369712848424574
104.2269351770734      				0.0033748177223561016
104.2050352654957      				0.0033692490669567947
104.18314455509758      			0.0033669750246278184
104.16126304008152      			0.0033661984969359025
104.13851601269931      			0.003369273103519685
104.11752757302965      			0.0033727302915862317
104.09479964169984      			0.003373443603736546
104.07382881805695      			0.0033790291685097387
104.05111995874302      			0.0033773909850159083
104.03016672895801      			0.0033956026714136098
104.00834941969316      			0.003388696189591401
103.98566912342277      			0.0034009257674972346
103.96387047237432      			0.003398547399606946
103.9420809587695      				0.003400731916370974
103.92030057686425      			0.0034043317882449468
103.89939999601063      			0.0034100004967387216
103.87676718520022      			0.0034159396565584576
103.85501416397736      			0.0034167364164305472
103.8332702515258      				0.003418300651822091
103.81153544212559      			0.0034204051568268562
103.78980973006139      			0.0034231382000092796
103.76809310962273      			0.0034245656607288554
103.74812184363788      			0.003423526838618498
103.72555488470725      			0.0034249585983351376
103.70299774102682      			0.003423008093775094
103.6839185887484      				0.0034240130053262642
103.65964618227981      			0.003422008651962045
103.6163308533888      				0.0034152160096175103
103.59468676094936      			0.003417270471455715
103.57478218056006      			0.0034171407293499575
103.55229055903604      			0.0034064521046139407
103.5315377305661      				0.0034081664052490824
103.50820073904212      			0.003402397780192212
103.48660179224872      			0.0033946695393148236
103.46501185763354      			0.003384141004136384
103.44429399382544      			0.003378198449611702
103.42099631243748      			0.003369135748192968
103.40029607048749      			0.0033535755768791453
103.37874212823886      			0.003345750582625744
103.3571971700188      				0.003341209794497782
103.3356611902114      				0.003323887685166885
103.3141341832055      				0.003315406866401415
103.29261614339462      			0.0033063798519861916
103.27110706517689      			0.0032913349637057844
103.24960694295517      			0.003276403053242418
103.22811577113693      			0.003267729878352695
103.2066335441343      				0.0032477949200838603
103.16369590224778      			0.003226091212504046
103.1430985219036      				0.0032056616512871456
103.12165166158431      			0.003193936975307896
103.09935638610595      			0.0031758625924404055
103.0770707491827      				0.003163909103866933
103.05736456140129      			0.00314586935956457
103.0350970724657      				0.0031264700706449622
102.99230201295828      			0.0030906121182773284
102.97006262809732      			0.0030811245140252826
102.94868765972734      			0.0030597690488485293
102.92817603729085      			0.0030440624276122244
102.90767258674764      			0.0030160086270083417
102.88461596677351      			0.003004522142670079
