0.05      			0.34419565606371993
0.052      			0.3561266818158968
0.054      			0.36945537788047483
0.056      			0.3818270212379835
0.058      			0.39692073492826224
0.06      			0.41032565361523543
0.062      			0.4257800797776721
0.064      			0.4365801770855431
0.066      			0.448238276577691
0.068      			0.4594851660170809
0.07      			0.4724483688661034
0.072      			0.48430752461735443
0.074      			0.4939550417075564
0.076      			0.5084005855649799
0.078      			0.5180473265015801
0.08      			0.530331915045858
0.082      			0.5393444366645882
0.084      			0.5492128428363712
0.086      			0.5603273802527056
0.088      			0.570311530746528
0.09      			0.5793267791314894
0.092      			0.5896065121793544
0.094      			0.6019597972230598
0.096      			0.6081788515474156
0.098      			0.6198203297732808
0.1      			0.6271687102535343
0.102      			0.6359061525385332
0.104      			0.6445799465680125
0.106      			0.6541319424573165
0.108      			0.661301441351677
0.11      			0.6695391614847062
0.112      			0.6797909276011741
0.114      			0.6863569259512836
0.116      			0.6948491146859186
0.118      			0.6998579707923532
0.12      			0.7072342479506051
0.122      			0.7153538256391393
0.124      			0.7216183208121845
0.126      			0.7274005180367734
0.128      			0.735024978394234
0.13      			0.7411294619898575
0.132      			0.7465739750718818
0.134      			0.7501514118983277
0.136      			0.7588125119727825
0.138      			0.764548489647187
0.14      			0.7717629818633197
0.142      			0.773458667701911
0.144      			0.7810097316330431
0.146      			0.7825091287232556
0.148      			0.7885648086901372
0.15      			0.7941423861355289
0.152      			0.7987517559697866
0.154      			0.8005060005379968
0.156      			0.8042288037699968
0.158      			0.8093401031691309
0.16      			0.8119496897746068
0.162      			0.8189740494649356
0.164      			0.8210422425995866
0.166      			0.8257097715971516
0.168      			0.8246005438876476
0.17      			0.8312688876292029
0.172      			0.8312356532418885
0.174      			0.8366418015248465
0.176      			0.838962636994142
0.178      			0.8414140606648624
0.18      			0.8439797319321432
0.182      			0.8442545645953862
0.184      			0.8471100044849423
0.186      			0.8495876479919392
0.188      			0.8512302071765022
0.19      			0.8503289762795866
0.192      			0.8523736353602632
0.194      			0.8531096551242907
0.196      			0.8554951066612547
0.198      			0.8565637879832197
0.2      			0.8577447045679457
0.202      			0.8622998463282142
0.204      			0.8601717315335508
0.206      			0.8608299664588852
0.208      			0.8625148962600879
0.21      			0.8617809993227353
0.212      			0.8605348083145514
0.214      			0.864295431689749
0.216      			0.8626634830127135
0.218      			0.8640726935511315
0.22      			0.8620999650338049
0.222      			0.8613314582939864
0.224      			0.859801724086594
0.226      			0.8618680424403905
0.228      			0.8608118247051267
0.23      			0.8597331960330951
0.232      			0.8595402923064753
0.234      			0.8593596397656282
0.236      			0.8564404022154002
0.238      			0.8542722254829408
0.24      			0.8537774233581796
0.242      			0.8508747665125393
0.244      			0.849416910994809
0.246      			0.8489854775137068
0.248      			0.8473195808508015
0.25      			0.8408424238094266
0.252      			0.8374730084532774
0.254      			0.8358747382584127
0.256      			0.8325055319829325
0.258      			0.8266248634995152
0.26      			0.8225418581253757
0.262      			0.8210092553377862
0.264      			0.8125870567054716
0.266      			0.8076395045854083
0.268      			0.8000134830027426
0.27      			0.7936117695880592
0.272      			0.7829690765132015
0.274      			0.7721227648581448
0.276      			0.7631821542182075
0.278      			0.75207751417906
0.28      			0.7380338072073406
0.282      			0.722395446027114
0.284      			0.7056010740647211
0.286      			0.6903126508144619
0.288      			0.6709697866316366
0.29      			0.650295692068059
0.292      			0.6253002983394507
0.294      			0.6035569555466002
0.296      			0.5786040805326218
0.298      			0.5499788674080119
0.3      			0.523526758091954
0.302      			0.49642500012752044
0.304      			0.4654166418006244
0.306      			0.435700333411543
0.308      			0.40459627660252734
0.31      			0.37824089356543794
0.312      			0.34692280771548817
0.314      			0.32096093277162346
0.316      			0.29458194417172645
0.318      			0.2711933435335118
0.32      			0.24762817188013983
0.322      			0.22838268258517697
0.324      			0.21000448783821343
0.326      			0.19410030479357165
0.328      			0.17939766266770357
0.33      			0.16523587171589424
0.332      			0.15295855845289422
0.334      			0.1430773845037217
0.336      			0.13410589399127515
0.338      			0.12512656842248399
0.34      			0.11731374858606537
0.342      			0.10983963994282324
0.344      			0.10410889733607655
0.346      			0.0978258780159491
0.348      			0.09317603344762972
0.35      			0.08634708774577536
0.352      			0.08248653942405168
0.354      			0.07746620491694624
0.356      			0.07314933011796755
0.358      			0.07030437601434313
0.36      			0.06708649229197945
0.362      			0.06321644014165885
0.364      			0.06055322860349739
0.366      			0.057572135359580744
0.368      			0.05406527326408802
0.37      			0.05197511291457235
0.372      			0.04985241589543736
0.374      			0.04760954276752323
0.376      			0.04557667712493596
0.378      			0.0432177889353315
0.38      			0.041700702828389405
0.382      			0.0398963098132564
0.384      			0.03807975326702023
0.386      			0.03679924207671998
0.388      			0.03525588586330951
0.39      			0.033655524181833936
0.392      			0.0322997603690707
0.394      			0.030711735335290438
0.396      			0.029755474747062905
0.398      			0.028740154082681418
0.4      			0.027339745402871457
0.402      			0.026314315758001996
0.404      			0.02566995794804107
0.406      			0.024497888521404415
0.408      			0.023582592078274497
0.41      			0.022587865291451792
0.412      			0.02173987228191402
0.414      			0.0216457623116918
0.416      			0.02042497148569104
0.418      			0.01977876178343949
0.42      			0.019375017515611187
0.422      			0.018649395095886177
0.424      			0.017789339508799105
0.426      			0.01760770951371622
0.428      			0.016808818746523662
0.43      			0.016647584207549766
0.432      			0.01618893692252432
0.434      			0.015392151268438983
0.436      			0.014801135104429099
0.438      			0.014554393696241012
0.44      			0.014328030764240732
0.442      			0.01359244306101794
0.444      			0.013119641051374076
0.446      			0.012913684396422464
0.448      			0.012080393780007895
0.45      			0.012118877330969677
0.452      			0.011754083050828751
0.454      			0.011747763350703554
0.456      			0.01103675357564613
0.458      			0.011071179706601467
0.46      			0.01061070970447586
0.462      			0.01033558383037823
0.464      			0.010390385939355661
0.466      			0.009868857830703463
0.468      			0.00981369750217525
0.47      			0.0097422477560299
0.472      			0.009157631102475496
0.474      			0.00897826902574341
0.476      			0.008855930138892073
0.478      			0.008863917394515038
0.48      			0.008501308406138093
0.482      			0.008299572558166381
0.484      			0.00814671195636029
0.486      			0.008016254262807946
0.488      			0.0078023212686773
0.49      			0.007800146148205484
0.492      			0.007576044512453354
0.494      			0.007543333689779666
0.496      			0.007504516179404727
0.498      			0.007164384642802587
0.5      			0.007145934055862337
0.502      			0.007046050431863352
0.504      			0.007080533569585277
0.506      			0.007104836629260776
0.508      			0.006748456652622736
0.51      			0.00646944587285505
0.512      			0.00639604679559469
0.514      			0.006526212804664882
0.516      			0.006385640913375911
0.518      			0.006340744983242119
0.52      			0.006226643112718707
0.522      			0.0059436004995791596
0.524      			0.006153145264815508
0.526      			0.006057371499549479
0.528      			0.006201774904446169
0.53      			0.006077509001625552
0.532      			0.006075365424702023
0.534      			0.005932788843472315
0.536      			0.005810569600225326
0.538      			0.005676143574603822
0.54      			0.005700464293197803
0.542      			0.0060707540367254224
0.544      			0.0059322603987197395
0.546      			0.005954540210579179
0.548      			0.005797738502712355
0.55      			0.005868859245083919
0.552      			0.005903348610195715
0.554      			0.005799463580473108
0.556      			0.00581563918371363
0.558      			0.005770769400408831
0.56      			0.005872406150683083
0.562      			0.005921135662741346
0.564      			0.00583150259577128
0.566      			0.0055058496048527045
0.568      			0.005945235035939189
0.57      			0.005751841241086392
0.572      			0.0058758477742242715
0.574      			0.005672289418202111
0.576      			0.005877672985577009
0.578      			0.005798224189691141
0.58      			0.0056251945173045135
0.582      			0.005586440890688945
0.584      			0.005745021170360986
0.586      			0.005791708218007163
0.588      			0.005724473727724851
0.59      			0.005738611522369936
0.592      			0.005726304070033163
0.594      			0.005598049091531931
0.596      			0.0058847629537489956
0.598      			0.005754475618752066
0.6      			0.005603852261849346
0.602      			0.0057298623405164515
0.604      			0.005807052082617959
0.606      			0.006083566912030278
0.608      			0.005800743538548277
0.61      			0.00623995944099105
0.612      			0.006201205218657829
0.614      			0.0064471861493881595
0.616      			0.006375889194365108
0.618      			0.006444922855205155
0.62      			0.006676650381775164
0.622      			0.006639925502822043
0.624      			0.007093307156365844
0.626      			0.0069772659457956535
0.628      			0.00721303461458585
0.63      			0.007194604509860764
0.632      			0.0073408874953697694
0.634      			0.007208582534871263
0.636      			0.00761920394239987
0.638      			0.007743104398165806
0.64      			0.008050001228989577
0.642      			0.007655396609066222
0.644      			0.007923651952371144
0.646      			0.00820816361469759
0.648      			0.008482499163075308
0.65      			0.008409154394814634
0.652      			0.008768867848574143
0.654      			0.00879920812082937
0.656      			0.008908836363420646
0.658      			0.008979833392654362
0.66      			0.009380170688984535
0.662      			0.009085226877909804
0.664      			0.009487580958288527
0.666      			0.009835033183516029
0.668      			0.01024142527274653
0.67      			0.010145701464056142
0.672      			0.010430107772882991
0.674      			0.010704340325439675
0.676      			0.01124891099796731
0.678      			0.011370670123619971
0.68      			0.011447707309716323
0.682      			0.011971909864844714
0.684      			0.012398531551064015
0.686      			0.012268230318372908
0.688      			0.013015962417449286
0.69      			0.013304336996634913
0.692      			0.013159799792778072
0.694      			0.013822116777561467
0.696      			0.014008845164301828
0.698      			0.014370344108976314
0.7      			0.014508281933922425
0.702      			0.0150323367912429
0.704      			0.01561327417211138
0.706      			0.01586091854125795
0.708      			0.016649095968387484
0.71      			0.01674837154381881
0.712      			0.017463351705549867
0.714      			0.01806451421640375
0.716      			0.01854373727902669
0.718      			0.019423233811883284
0.72      			0.019995882849667686
0.722      			0.020637594732580554
0.724      			0.021480434279964735
0.726      			0.02161821375517263
0.728      			0.022739355751193093
0.73      			0.02348052721261272
0.732      			0.024585342781189318
0.734      			0.025572283789711877
0.736      			0.02627882801973851
0.738      			0.027381503311146114
0.74      			0.02825863910080694
0.742      			0.029347019481718212
0.744      			0.030859936676650386
0.746      			0.03228341733392946
0.748      			0.0342634481123488
0.75      			0.03598542658422708
0.752      			0.03849549494626196
0.754      			0.041062349918884224
0.756      			0.04327973945196178
0.758      			0.0460536013953449
0.76      			0.04882533352637519
0.762      			0.051883357378470454
0.764      			0.054474119341344295
0.766      			0.05836670154780833
0.768      			0.06259629606112557
0.77      			0.06768078794713155
0.772      			0.07300475187878265
0.774      			0.07982125278732989
0.776      			0.08751282233616846
0.778      			0.09699126456047676
0.78      			0.10733855723477759
0.782      			0.12018130535112358
0.784      			0.13645148530105145
0.786      			0.15524931265892644
0.788      			0.17849566398760777
0.79      			0.2083630775533559
0.792      			0.24602691490883485
0.794      			0.29188068878190154
0.796      			0.3494550419858668
0.798      			0.4141604490939407
0.8      			0.4883944923068851
0.802      			0.5614624690655861
0.804      			0.6330903404248476
0.806      			0.6926188846403188
0.808      			0.7358074365582116
0.81      			0.7630344976709862
0.812      			0.7806657035959437
0.814      			0.7888558610020836
0.816      			0.787644046310377
0.818      			0.7848995294914107
0.82      			0.7819764622952458
0.822      			0.7758744345212407
0.824      			0.7669955591772633
0.826      			0.7557622205073008
0.828      			0.7468637186337848
0.83      			0.7349957751817949
0.832      			0.7183499310824498
0.834      			0.7017452752760884
0.836      			0.6829733815950567
0.838      			0.6613503346278482
0.84      			0.633352676256059
0.842      			0.6022789977934806
0.844      			0.5643299449310601
0.846      			0.521953607209512
0.848      			0.4752253152455764
0.85      			0.42198180173869493
0.852      			0.3694139783445299
0.854      			0.31510064310476976
0.856      			0.2659643117877606
0.858      			0.22128426978648533
0.86      			0.18595511702918685
0.862      			0.15723472671258254
0.864      			0.13305489336253354
0.866      			0.11510371983177184
0.868      			0.09939547717228107
0.87      			0.08632979599846395
0.872      			0.07584971922586015
0.874      			0.0677014695235002
0.876      			0.06123967507648169
0.878      			0.05479028443835478
0.88      			0.05010636012486985
0.882      			0.045728977005544784
0.884      			0.04121175277593828
0.886      			0.038607941888374124
0.888      			0.03459010516434307
0.89      			0.03203925389189957
0.892      			0.029591961619549467
0.894      			0.027122439953386816
0.896      			0.025265679452084914
0.898      			0.023437386473184836
0.9      			0.02217109392242768
0.902      			0.020878474389090986
0.904      			0.019504757725119927
0.906      			0.01833394384013854
0.908      			0.017514102710449883
0.91      			0.016045180972480817
0.912      			0.015207153710153236
0.914      			0.014716011898118556
0.916      			0.013579869099345667
0.918      			0.013173963221306277
0.92      			0.0121109065068386
0.922      			0.011325758036916043
0.924      			0.010802277283053196
0.926      			0.010319378712482055
0.928      			0.00969452722438507
0.93      			0.009132569263388554
0.932      			0.008836308655783217
0.934      			0.008304806419379872
0.936      			0.008051159020034001
0.938      			0.0075440251572327045
0.94      			0.007310679545994399
0.942      			0.007103704811995245
0.944      			0.006673673292911464
0.946      			0.006304491633447277
0.948      			0.005986017674430398
0.95      			0.005785164392106744
0.952      			0.005549847139776876
0.954      			0.005419977381990791
0.956      			0.0050244914207762505
0.958      			0.005081175148119036
0.96      			0.0048337216899046725
0.962      			0.0044950380827780655
0.964      			0.004430078437636543
0.966      			0.004279967783755644
0.968      			0.004028491263653842
0.97      			0.0038662287373573477
0.972      			0.0037242454895856313
0.974      			0.0036876877105273386
0.976      			0.003555849070315939
0.978      			0.003494968649123697
0.98      			0.0033266483634879474
0.982      			0.003069138481454629
0.984      			0.003091382516944204
0.986      			0.002827804648050131
0.988      			0.0028561333688217425
0.99      			0.0029209475913092122
0.992      			0.0026979266210234326
0.994      			0.0027242291820864044
0.996      			0.002482977333809858
0.998      			0.002608600106455783
1.      			0.0025963927337613454
1.002      			0.0022598958122119037
1.004      			0.002310525128563861
1.006      			0.0022253610369071214
1.008      			0.002174653943794643
1.01      			0.0020043752048633286
1.012      			0.0020225793398364667
1.014      			0.0019495859795667697
1.016      			0.0018259311915484223
1.018      			0.0018421109984794728
1.02      			0.001730621436855741
1.022      			0.0016941145862370147
1.024      			0.001671793949130938
1.026      			0.0016555532467707986
1.028      			0.0015906808401011904
1.03      			0.0016271261886300328
1.032      			0.001444732745638107
1.034      			0.001501441761939512
1.036      			0.0014001050685437113
1.038      			0.0013028243004704354
1.04      			0.0013494021693688763
1.042      			0.0013514043302152272
1.044      			0.0013230155573178341
1.046      			0.0013756686546845098
1.048      			0.0012561111040735064
1.05      			0.0013026856712404656
1.052      			0.0012520147243988762
1.054      			0.0011770350403402193
1.056      			0.0011121872252889927
1.058      			0.0011303997568019458
1.06      			0.0011101220106380372
1.062      			0.001027047224347315
1.064      			0.0009986692369982513
1.066      			0.0010492930869101177
1.068      			0.000947993160661136
1.07      			0.0009925393423881198
1.072      			0.0010208795077877042
1.074      			0.0009378151416596589
1.076      			0.0009296965828527138
1.078      			0.0008790439283030657
1.08      			0.000773706974792541
1.082      			0.0007493887571846359
1.084      			0.0008263383574238092
1.086      			0.0007392356696501688
1.088      			0.0007149193565407524
1.09      			0.0008141430206761014
1.092      			0.0007310955725123821
1.094      			0.0006743781434714563
1.096      			0.0006541149517270953
1.098      			0.0006136016004862238
1.1      			0.0005994153601747674
1.102      			0.0006480051186731968
1.104      			0.0005973691296468398
1.106      			0.0006844311417680406
1.108      			0.0004961025368328205
1.11      			0.000540640936691296
1.112      			0.0005507555366492036
1.114      			0.0005649193793424757
1.116      			0.0004940426002402034
1.118      			0.0004899843862092248
1.12      			0.0005264201756984515
1.122      			0.0005365341313807503
1.124      			0.0005142537890967522
1.126      			0.0005162692605664113
1.128      			0.00047576912203417
1.13      			0.000415025283212487
1.132      			0.0004575319599965232
1.134      			0.00039274171362797865
1.136      			0.00043727168472936336
1.138      			0.00044131267615141846
1.14      			0.0004109398429305676
1.142      			0.0003987867710964963
1.144      			0.00038865839242002725
1.146      			0.0003886515056398209
1.148      			0.00039471719127716397
1.15      			0.00035220294536047504
1.152      			0.0004655473685187482
1.154      			0.0004088647922593796
1.156      			0.000346112082777543
1.158      			0.00035217798476296536
1.16      			0.00039872318274584046
1.162      			0.00034811762641397364
1.164      			0.0003663265934551725
1.166      			0.0003319143479500639
1.168      			0.00031369397869872404
1.17      			0.00036428332810301364
1.172      			0.0003278491872480317
1.174      			0.0003177247565878603
1.176      			0.0003420033927786621
1.178      			0.00035211559874481226
1.18      			0.00035615659539722024
1.182      			0.0002772306207729591
1.184      			0.00028329634606252157
1.186      			0.0003439966125827032
1.188      			0.00030756799385957143
1.19      			0.00035005473993890044
1.192      			0.0002630422552792742
1.194      			0.00028731798982497333
1.196      			0.00026707959810031296
1.198      			0.00032575040693604565
1.2      			0.0002873027238509215
1.202      			0.00029539052669574575
1.204      			0.0002913389213436525
1.206      			0.00027514855275963214
1.208      			0.00027514367997841113
1.21      			0.00027109264843786895
1.212      			0.00024681132398466233
1.214      			0.0003034511720627596
1.216      			0.0002751241905793087
1.218      			0.00024477527616156505
1.22      			0.00024679384208560267
1.222      			0.00023667514937492724
1.224      			0.00027308187523556805
1.226      			0.00025082631806162646
1.228      			0.0002528446338759112
1.23      			0.0002528401569611459
1.232      			0.00019822317328065412
1.234      			0.00024069530583406686
1.236      			0.00022451013372520948
1.238      			0.00017596428661759868
1.24      			0.00024068252157645318
1.242      			0.00022449820933573435
1.244      			0.0002952807052596881
1.246      			0.00023257999956162315
1.248      			0.00023055348313754252
1.25      			0.0002426835806702882
1.252      			0.00019616575497552387
1.254      			0.0002264966559271941
1.256      			0.00019009204256262543
1.258      			0.00025277749679681705
1.26      			0.000226484627944242
1.262      			0.00025074639949694945
1.264      			0.0001799680204453368
1.266      			0.00021636221725483053
1.268      			0.0001840057315043092
1.27      			0.00017591445375516457
1.272      			0.0002385923923716378
1.274      			0.00017793016027132174
1.276      			0.00020825547888806575
1.278      			0.00019005503442812236
1.28      			0.000222400891322834
1.282      			0.00024463665078899556
1.284      			0.0002163277551780602
1.286      			0.00019004158049711197
1.288      			0.0002082333657780194
1.29      			0.00019609979640266428
1.292      			0.0001940747145179354
1.294      			0.0002345027968362633
1.296      			0.0002122617064359802
1.298      			0.00019810742032795727
1.3      			0.0002061897888454373
1.302      			0.00017586464910994605
1.304      			0.0002344820496746301
1.306      			0.00020011476006551938
1.308      			0.0001879832665596603
1.31      			0.00021223541663507083
1.312      			0.0001657428213469353
1.314      			0.00017584597963784892
1.316      			0.00015563104448539043
1.318      			0.00017786090399764102
1.32      			0.0001616888702419857
1.322      			0.00014147525846846482
1.324      			0.00015359899175493446
1.326      			0.00016976430329712546
1.328      			0.00015763549287943693
1.33      			0.00015763270422449783
1.332      			0.00016773439744182658
1.334      			0.0001434811029737566
1.336      			0.00017581176256529355
1.338      			0.0001778294416927794
1.34      			0.00015761876242965478
1.342      			0.0001374087981657713
1.344      			0.00017377864141782969
1.346      			0.0001879200905626813
1.348      			0.000216205312209153
1.35      			0.00020003689085864738
1.352      			0.00017376634686732244
1.354      			0.00017780427986200948
1.356      			0.00014143272112917096
1.358      			0.00022022705643565192
1.36      			0.00016365207416933427
1.362      			0.00016566954014276427
1.364      			0.0001737479083030369
1.366      			0.00017980570194719124
1.368      			0.00021212657108570708
1.37      			0.00016969825582570383
1.372      			0.0001919172525530161
1.374      			0.0001838332752299295
1.376      			0.0001818099142863639
1.378      			0.00019190707152360264
1.38      			0.00018988363937046197
1.382      			0.00015150022481900808
1.384      			0.00018179705517567147
1.386      			0.00017977390911907745
1.388      			0.0001918901055414525
1.39      			0.0001696682512338912
1.392      			0.00022824015956528733
1.394      			0.00017774140642627895
1.396      			0.00019995554691189956
1.398      			0.00017167596965793615
1.4      			0.0001938894319045707
1.402      			0.00021408246283986286
1.404      			0.0001837845255263067
1.406      			0.00019589872326526215
1.408      			0.0002059929539226952
1.41      			0.00020396980931311644
1.412      			0.00020800513831962467
1.414      			0.00022011805131157835
1.416      			0.00023828872395892524
1.418      			0.000210013468013468
1.42      			0.00021808705401672192
1.422      			0.00020192888803594484
1.424      			0.00022817561021595654
1.426      			0.0002645174920291831
1.428      			0.00023220590772701067
1.43      			0.00025845070303991325
1.432      			0.00022008303686328373
1.434      			0.00026449879141670203
1.436      			0.00027862739008693057
1.438      			0.00023420439147962062
1.44      			0.00022612438153860653
1.442      			0.00023217718127131282
1.444      			0.00028264548634867573
1.446      			0.00024024441762728754
1.448      			0.0002624472467317167
1.45      			0.0002584050302271412
1.452      			0.00027656924644698516
1.454      			0.00027858307710173027
1.456      			0.0002987649770826128
1.458      			0.0003048156375692095
1.46      			0.0002785683092387421
1.462      			0.00037747357509116823
1.464      			0.00029672532127089743
1.466      			0.00031690511769417686
1.468      			0.0003350657327359542
1.47      			0.00035322570603073
1.472      			0.000324961907910955
1.474      			0.0003572499469959313
1.476      			0.0002966938665280172
1.478      			0.0003673287734618847
1.48      			0.0003330119606175404
1.482      			0.000375388669035697
1.484      			0.00040565478218513944
1.486      			0.0003652846689784086
1.488      			0.00040564044972176306
1.49      			0.0004419586525746243
1.492      			0.0004358967241122599
1.494      			0.000492393156785257
1.496      			0.0005105461807053891
1.498      			0.00047825022711214295
1.5      			0.0005246534287860398
1.502      			0.0005972871992342385
1.504      			0.0005992944756637
1.506      			0.0005750703997900623
1.508      			0.0007062143328749437
1.51      			0.0006840069438486887
1.512      			0.0006618003392804126
1.514      			0.000686000430611064
1.516      			0.0007727456605347724
1.518      			0.0007989605146966066
1.52      			0.0008635077299841641
1.522      			0.000851387445210295
1.524      			0.0010026826718739093
1.526      			0.001091432084188998
1.528      			0.001188247957583326
1.53      			0.0013435639468001373
1.532      			0.0014444066037838977
1.534      			0.00171066364619439
1.536      			0.0018316688235081426
1.538      			0.002210873988867027
1.54      			0.002483154948241837
1.542      			0.0027312204974009966
1.544      			0.0032334336425008177
1.546      			0.003737646130976404
1.548      			0.004685590209901923
1.55      			0.005314813693788223
1.552      			0.0066701246923887274
1.554      			0.008438859687177367
1.556      			0.010788399502626847
1.558      			0.014210828352123214
1.56      			0.018812981350846705
1.562      			0.024546392974597986
1.564      			0.03242946601733621
1.566      			0.04307718691206957
1.568      			0.055573833511968554
1.57      			0.06940506188655646
1.572      			0.0843308241223856
1.574      			0.0962513554543483
1.576      			0.10304742703581446
1.578      			0.10198895753479927
1.58      			0.09494764987169045
1.582      			0.079729936909631
1.584      			0.06114133724678354
1.586      			0.044184634095501295
1.588      			0.0324951852645646
1.59      			0.024516132041694193
1.592      			0.0198157984312005
1.594      			0.014738596862792558
1.596      			0.011766475132976824
1.598      			0.00898599282286598
1.6      			0.007499955879053138
1.602      			0.0057579290245156865
1.604      			0.004471590054397107
1.606      			0.0033727854558166822
1.608      			0.002925179517560998
1.61      			0.002237692602452404
1.612      			0.0017578680326746144
1.614      			0.0014715837379354621
1.616      			0.001344560319104866
1.618      			0.0010562776237290985
1.62      			0.0008849192645117598
1.622      			0.0008002431642610715
1.624      			0.0006712248658377046
1.626      			0.0005643833222426112
1.628      			0.00047568612129843176
1.63      			0.0004273037221502472
1.632      			0.00042931173109447027
1.634      			0.00032248199565139955
1.636      			0.0003023215370384839
1.638      			0.0003043316446975998
1.64      			0.00026804897125253397
1.642      			0.0002478905399411267
1.644      			0.00020354880361029694
1.646      			0.0002015299136252367
1.648      			0.00022570952146940354
1.65      			0.00017935529503476037
1.652      			0.0001672609762469371
1.654      			0.00016524286883083937
1.656      			0.0001551643470511105
1.658      			0.00015516161005275008
1.66      			0.0001329933198436677
1.662      			0.00014306604779927465
1.664      			0.0001632133165012435
1.666      			0.00011485178951187801
1.668      			0.00009268577427821522
1.67      			0.00009872875733005444
1.672      			0.00008462315660046008
1.674      			0.00008865126716654572
1.676      			0.00005439868179378841
1.678      			0.00007051556608131146
1.68      			0.00008058779711291446
1.682      			0.00008260103529474997
1.684      			0.00008461420246843911
1.686      			0.00006446682689320079
1.688      			0.00007453845410993127
1.69      			0.00004834841492170338
1.692      			0.000046333080578430855
1.694      			0.00006647672596645556
1.696      			0.00004834585727492802
1.698      			0.00005438813038440223
1.7      			0.00004834415232740619
1.702      			0.000030214562436711888
1.704      			0.00004028537291677687
1.706      			0.00004834159513158425
1.708      			0.000026184569012925626
1.71      			0.000054382376795240566
1.712      			0.000028197772286994986
1.714      			0.00004229591271320485
1.716      			0.00003423894473226662
1.718      			0.000036252361163581414
1.72      			0.00003423773748689315
1.722      			0.000028195286737990177
1.724      			0.00001812522193763836
1.726      			0.00002819429264107639
1.728      			0.00003222148070732127
1.73      			0.00003020710565813464
1.732      			0.00003423411626152001
1.734      			0.000026178568610564096
1.736      			0.0000281918077054474
1.738      			0.000026177645715820576
1.74      			0.0000181226660488962
1.742      			0.00002416312881798083
1.744      			0.000018122027189335778
1.746      			0.00003221636938034855
1.748      			0.000030202313958026464
1.75      			0.000018121068984444633
1.752      			0.00003020124934221956
1.754      			0.000030200717062460972
1.756      			0.00003624022176175717
1.758      			0.000018119791535537148
1.76      			0.00001811947220145167
1.762      			0.000022145631296093023
1.764      			0.000022145241026389838
1.766      			0.000012079009511150049
1.768      			4.026265550590555e-6
1.77      			0.000020130972999825457
1.772      			0.00001409143278144056
1.774      			0.000026169342590401583
1.776      			6.038972644637045e-6
1.778      			0.00002012955411233617
1.78      			0.000020129199421715537
1.782      			8.051537897437705e-6
1.784      			0.00002214133908576885
1.786      			0.000024153762509816556
1.788      			8.051112313687982e-6
1.79      			0.000010063713078044744
1.792      			0.000030190607310682616
1.794      			0.000020126716937316057
1.796      			0.000014088453642670239
1.798      			0.000014088205437965084
1.8      			0.000012075391921718842
1.802      			0.000016100238919760544
1.804      			0.000024149932930834455
1.806      			0.00002012458958084817
1.808      			0.000016099388052126717
1.81      			0.000020123880561958738
1.812      			0.000014086468249873966
1.814      			0.00001408622011511897
1.816      			8.049126850917522e-6
1.818      			0.000022134708941452776
1.82      			0.00001810989740996007
1.822      			0.000028170455327022535
1.824      			0.00001810925945030585
1.826      			0.000022133149484518788
1.828      			0.000016096552476086238
1.83      			0.00001408423535174105
1.832      			0.0000241439782211051
1.834      			0.000014083739248285762
1.836      			0.00001810734584099652
1.838      			0.000012071351296953228
1.84      			0.000016094851609862543
1.842      			0.000014082747146216367
1.844      			0.000012070713550747062
1.846      			0.000016094001311537
1.848      			0.00001609371789872664
1.85      			0.000016093434495897818
1.852      			0.000010058219439406251
1.854      			4.023216930045665e-6
1.856      			6.034719130235729e-6
1.858      			8.046150492193657e-6
1.86      			0.000010057511019661407
1.862      			0.000012068800716380668
1.864      			0.000018102882324976547
1.866      			0.000010056979770336983
1.868      			6.03408161982016e-6
1.87      			0.000012067950762358457
1.872      			8.045158861705598e-6
1.874      			0.000010056271525199785
1.876      			0.000010056094479501747
1.878      			0.00001206710092804507
1.88      			0.000014078036569529641
1.882      			0.000018100014083656922
1.884      			6.0332318154268665e-6
1.886      			0.000014077293082317754
1.888      			0.000020110064672425573
1.89      			0.000014076797467802669
1.892      			8.043742670646626e-6
1.894      			0.000018098102427665425
1.896      			0.000010054324365328632
1.898      			0.000012064976865821766
1.9      			0.00002211873491799665
1.902      			0.0000140753108336225
1.904      			0.000018096509689440055
1.906      			0.000010053439541908469
1.908      			0.000010053262595912485
1.91      			0.000018095554181061144
1.912      			0.000012063490467127115
1.914      			6.031639077176821e-6
1.916      			0.000014073576823895498
1.918      			6.031426775612822e-6
1.92      			0.000018093961891305496
1.922      			0.000012062428977986948
1.924      			6.03110835128755e-6
1.926      			0.000016082672579512527
1.928      			4.020597391388146e-6
1.93      			0.000016082106561553106
1.932      			4.020455891878394e-6
1.934      			0.000012061155437575099
1.936      			0.000010050786005820157
1.938      			0.000016080974645149396
1.94      			0.000012060518768208293
1.942      			6.030153280011261e-6
1.944      			0.00001005007863275362
1.946      			0.00001406986252706226
1.948      			6.029834990134597e-6
1.95      			0.000016079277069268573
1.952      			0.000014069119902949633
1.954      			0.000020098389112855933
1.956      			0.000012058821311792663
1.958      			4.0195363877788665e-6
1.96      			0.000010048664185287484
1.962      			0.000016077579851756538
1.964      			0.000012057972762753481
1.966      			0.000016077014192203753
1.968      			0.000012057548533015015
1.97      			0.000018086004644009528
1.972      			0.00002009520722187739
1.974      			0.000010047426870312388
1.976      			0.00001406615019026535
1.978      			0.000014065902770797735
1.98      			0.000012056276022886321
1.982      			0.000014065407957973806
1.984      			8.037234608352325e-6
1.986      			0.000026120553048500625
1.988      			0.000020092379720013235
1.99      			0.000014064418436758275
1.992      			6.027501890660764e-6
1.994      			0.000010045659805970949
1.996      			0.000020090966267443502
1.998      			0.00001205436776122403
2.      			0.00001808123365415778
2.002      			0.000014062934415960713
2.004      			0.000014062687109608231
2.006      			0.000010044599865681215
2.008      			8.035538584569521e-6
2.01      			0.00002008849320390951
2.012      			0.000016070511967055115
2.014      			6.0263360178453905e-6
2.016      			0.00002008743350590607
2.018      			0.000012052248178849536
2.02      			0.00001205203626160806
2.022      			0.000022095011311667848
2.024      			0.00001205161244948144
2.026      			8.034267036397004e-6
2.028      			0.00001405972011168741
2.03      			0.00001606796904956858
2.032      			0.000016067686552856677
2.034      			0.00001405897855781821
2.036      			0.000010041950993269926
2.038      			6.025064670869226e-6
2.04      			0.00001004159791583475
2.042      			0.000016066274218284346
2.044      			0.000014057742808518189
2.046      			8.03285467698649e-6
2.048      			0.000014057248569622848
2.05      			0.000020081430661724577
2.052      			0.00001807296989847295
2.054      			6.024217404187572e-6
2.056      			4.016074341737961e-6
2.058      			0.000010040009374581493
2.06      			0.00001807169922183971
2.062      			6.023793860199772e-6
2.064      			0.000014055271961519372
2.066      			0.000020078607035128774
2.068      			0.00001204695248258113
2.07      			0.000026101271628310257
2.072      			0.000012046529027916913
2.074      			0.000018069475967622072
2.076      			0.00001405378987019095
2.078      			0.000014053542885357302
2.08      			0.000014053295909204647
2.082      			0.00001606062736198003
2.084      			4.015086280840139e-6
2.086      			0.000012045047170995487
2.088      			0.000016059780675879786
2.09      			0.000010037186541885904
2.092      			0.00001806661830158224
2.094      			0.00001605893407904624
2.096      			0.000014051320412444283
2.098      			0.000014051073514399986
2.1      			0.000016058087571465268
2.102      			0.000018065031099865963
2.104      			0.000020071904103319684
2.106      			0.00002408586172968414
2.108      			0.00001806407891269154
2.11      			0.00001806376153927243
2.112      			0.000018063444177005187
2.114      			0.000018063126825889227
2.116      			0.000018062809485923958
2.118      			0.000010034717865060443
2.12      			0.00001806217483944315
2.122      			0.000020068730592140488
2.124      			0.0000220752158459043
2.126      			0.000018061222953337448
2.128      			0.00002408120757368533
2.13      			0.000010033660232409517
2.132      			0.00002207366476034653
2.134      			0.00002006661547546754
2.136      			0.000024079515599240177
2.138      			0.000016052728428518853
2.14      			0.00002207211389274336
2.142      			0.000026084767338963972
2.144      			0.000014045397253147522
2.146      			0.00002207095088504605
2.148      			0.000012038489041663006
2.15      			0.000014044657209334222
2.152      			0.000022069787999902985
2.154      			0.000026082018653071602
2.156      			0.000024075286703145893
2.158      			0.00002006238657935891
2.16      			0.000018055830826624383
2.162      			0.000022067850130288035
2.164      			0.000026079728523966138
2.166      			0.00001604878187471046
2.168      			0.000028084875091460227
2.17      			0.00002407232735956973
2.172      			0.000030089880819488307
2.174      			0.000024071481966456457
2.176      			0.00003410066733056902
2.178      			0.000026076523018779577
2.18      			0.000024070213988115393
2.182      			0.00002206397541182353
2.184      			0.000030086710929289328
2.186      			0.000016045964095566794
2.188      			0.000030085654447635408
2.19      			0.000050141877057718965
2.192      			0.000030084598040174662
2.194      			0.00002206165123379381
2.196      			0.00003610025004827913
2.198      			0.00001604427390297528
2.2      			0.00003008248544780143
2.202      			0.0000401092764614222
2.204      			0.000028076000645348433
2.206      			0.000036097081437864566
2.208      			0.00003609644778252856
2.21      			0.00003609581414943878
2.212      			0.000036095180538594056
2.214      			0.000026068283908328445
2.216      			0.00003609391338363512
2.218      			0.000038098462052825146
2.22      			0.00004611838140587635
2.222      			0.00004411246011089547
2.224      			0.00004611676249077489
2.226      			0.00004210587019968508
2.228      			0.000044110137441966394
2.23      			0.00004811930538910145
2.232      			0.00005413326848005135
2.234      			0.00005613721911333079
2.236      			0.000054131368414718844
2.238      			0.00006816423061816299
2.24      			0.00006615823925671322
2.242      			0.000056133278513719946
2.244      			0.00006415119251458
2.246      			0.00004410317090250307
2.248      			0.00005412566901893935
2.25      			0.00006214319616022248
2.252      			0.00004209626515658567
2.254      			0.00007216375969478048
2.256      			0.00006013541120940107
2.258      			0.00007817466285656993
2.26      			0.00007015551773376747
2.262      			0.0000881939605401458
2.264      			0.00010021865128003321
2.266      			0.00006614314932525917
2.268      			0.00010021513461578628
2.27      			0.00010221764390373499
2.272      			0.00013829203311369485
2.274      			0.00012626442370349577
2.276      			0.00014630382896035034
2.278      			0.00012425586660317616
2.28      			0.0001823723467087033
2.282      			0.00013226773326917678
2.284      			0.00013226541296290262
2.286      			0.00017234281781016678
2.288      			0.00022845042539062013
2.29      			0.00023846599774799605
2.292      			0.0002965743578434935
2.294      			0.00026851531659758873
2.296      			0.0003767163735289868
2.298      			0.0004147814974441215
2.3      			0.0004348116241989007
2.302      			0.0005650448265320952
2.304      			0.0006171303337584555
2.306      			0.000709286709361877
2.308      			0.0008655550405271663
2.31      			0.0010218178902691407
2.312      			0.0013403611363744553
2.314      			0.001714991047328897
2.316      			0.002153718508571281
2.318      			0.0030131496095870394
2.32      			0.0036922455742143235
2.322      			0.004910219859506368
2.324      			0.006284410273625422
2.326      			0.008295596617716072
2.328      			0.010875634939522611
2.33      			0.01379011937446976
2.332      			0.01733750585547559
2.334      			0.020798632786080365
2.336      			0.02379491733318638
2.338      			0.025036405156722272
2.34      			0.02560282579418059
2.342      			0.02377163267657564
2.344      			0.02072670559052469
2.346      			0.016874703609452438
2.348      			0.013675781142377677
2.35      			0.011370247272885138
2.352      			0.00981585430707952
2.354      			0.00866607977105227
2.356      			0.00808312566942912
2.358      			0.007211800111865226
2.36      			0.006394577636863455
2.362      			0.005627450096501245
2.364      			0.0053409773334568795
2.366      			0.0045418538608327196
2.368      			0.004037132661366055
2.37      			0.0031018893218341297
2.372      			0.0027493992155370084
2.374      			0.0023288384842550906
2.376      			0.0018782564130814926
2.378      			0.0015818726629273504
2.38      			0.0013595857110544104
2.382      			0.0011513226532857254
2.384      			0.000919039713957349
2.386      			0.0007588451998223949
2.388      			0.0007548275099421209
2.39      			0.0005525961312161682
2.392      			0.0004825120782622992
2.394      			0.0004284471995780506
2.396      			0.00043044174555129105
2.398      			0.0003243271662118519
2.4      			0.00032632346694639377
2.402      			0.0002542475707900649
2.404      			0.00028427182975300264
2.406      			0.0002602442976900367
2.408      			0.00022620838705101408
2.41      			0.000186168242079545
2.412      			0.00017215256204539746
2.414      			0.000160139112092372
2.416      			0.00015012778696998447
2.418      			0.0001481234876929495
2.42      			0.000140114357612424
2.422      			0.00012209751514757097
2.424      			0.00013610632065231448
2.426      			0.00008406419575098615
2.428      			0.0001020761635401154
2.43      			0.0000900656251407862
2.432      			0.0000920654704846381
2.434      			0.00007805414009550602
2.436      			0.00007605141950914707
2.438      			0.00005803822442458977
2.44      			0.00006404105675084735
2.442      			0.00005003119911374496
2.444      			0.00004802910976473444
2.446      			0.00005203062411056445
2.448      			0.00003201828472283046
2.45      			0.00004602547804703896
2.452      			0.00004402359914485214
2.454      			0.00004202179037399969
2.456      			0.000060030077596194504
2.458      			0.000028013545524305207
2.46      			0.000036016784812597114
2.462      			0.00003601615397318681
2.464      			0.000014006036782840123
2.466      			0.00002601075559380953
2.468      			0.000024009507725026586
2.47      			0.00002000757268695279
2.472      			0.000030010833422986374
2.474      			0.000026008933456093298
2.476      			0.00002800913011244182
2.478      			0.00002800863959704119
2.48      			0.00003200931325579514
2.482      			0.000026007111573652488
2.484      			0.00003800972820888715
2.486      			0.00003200763166540751
2.488      			0.000028006187277722883
2.49      			0.000024004883027477035
2.492      			0.000020003718907308322
2.494      			0.000020003368637319497
2.496      			0.000014002112865717963
2.498      			0.000020002668134140444
2.5      			0.000014001622530664244
2.502      			0.000038003738592041573
2.504      			0.000030002426207038
2.506      			0.000018001140547462783
2.508      			0.000018000825381739054
2.51      			0.00001800051022705104
2.512      			0.00001200013005559877
2.514      			0.00002599982659557085
2.516      			0.000019999516476883846
2.518      			0.00001599933308323955
2.52      			0.000011999289746084227
2.522      			0.000013998926301609214
2.524      			0.000013998681241367009
2.526      			9.99888299264609e-6
2.528      			0.000011998449554246845
2.53      			0.000013997946112116936
2.532      			0.000021996387421157178
2.534      			0.00001599709265010611
2.536      			0.000017996414220092873
2.538      			0.00001799609921984397
2.54      			0.000017995784230622085
2.542      			0.000011996979501617768
2.544      			0.00001599569269800629
2.546      			9.997132960618214e-6
2.548      			0.0000179945243839932
2.55      			0.00001599485284435355
2.552      			0.00001599457291273407
2.554      			7.997146495456394e-6
2.556      			0.00001999251634861148
2.558      			0.00001999216647082844
2.56      			0.000013994271623703844
2.562      			0.000011994880051199487
2.564      			0.000019991116910951615
2.566      			0.000011994460249288782
2.568      			0.000019990417265587564
2.57      			7.996026984507906e-6
2.572      			3.997943533838784e-6
2.574      			0.00001599149431148751
2.576      			0.000013992312685235872
2.578      			7.995467346564682e-6
2.58      			5.996495586989179e-6
2.582      			0.000015990375113937255
2.584      			9.993809586891989e-6
2.586      			5.9961808402151525e-6
2.588      			0.000011992151863932314
2.59      			5.995971027388016e-6
2.592      			9.993110210800891e-6
2.594      			5.9957612292435196e-6
2.596      			5.995656335676779e-6
2.598      			7.994068594373495e-6
2.6      			9.992410932588923e-6
2.602      			1.9984472256654273e-6
2.604      			7.993649064144951e-6
2.606      			9.991886538150765e-6
2.608      			3.9966847008942146e-6
2.61      			3.996614788974074e-6
2.612      			7.993089758999513e-6
2.614      			3.996474972471134e-6
2.616      			1.9982025339440385e-6
2.618      			1.998167582875229e-6
2.62      			1.998132633029074e-6
2.622      			1.99809768440551e-6
2.624      			0.000015984501896035774
2.626      			0.00001598422232660717
2.628      			3.995985691739436e-6
2.63      			0.
2.632      			9.989614798121502e-6
2.634      			5.993664055004797e-6
2.636      			7.991412313070822e-6
2.638      			0.000013984726975957894
2.64      			7.991132807197682e-6
2.642      			0.
2.644      			7.99085332087573e-6
2.646      			3.995356792522904e-6
2.648      			5.992930390577185e-6
2.65      			5.992825596035093e-6
2.652      			7.990294406877181e-6
2.654      			5.992616017945375e-6
2.656      			0.
2.658      			0.
2.66      			9.987169463823465e-6
2.662      			0.000015979191748635793
2.664      			9.986820228077494e-6
2.666      			5.991987371618112e-6
2.668      			9.986471016755126e-6
2.67      			1.9972592840503985e-6
2.672      			9.986121829853801e-6
2.674      			5.991568347336137e-6
2.676      			7.988618133896765e-6
2.678      			1.9971196190571332e-6
2.68      			5.991254117582421e-6
2.682      			0.00001198229876331089
2.684      			3.994029766260188e-6
2.686      			5.990939920786739e-6
2.688      			1.996945065281541e-6
2.69      			3.993820316375829e-6
2.692      			0.000011981251513887812
2.694      			3.9936806953232815e-6
2.696      			5.990416332686598e-6
2.698      			0.000017970934878146223
2.7      			3.99347128204744e-6
2.702      			1.9967007412512214e-6
2.704      			3.993331685397373e-6
2.706      			3.993261890732104e-6
2.708      			5.98978814775976e-6
2.71      			9.982805771801133e-6
2.712      			7.986105042747634e-6
2.714      			3.9929827364664684e-6
2.716      			5.98936943099742e-6
2.718      			3.992843173969126e-6
2.72      			3.992773396378876e-6
2.722      			3.992703621227403e-6
2.724      			9.981584621286448e-6
2.726      			7.985128156480552e-6
2.728      			5.98874146560655e-6
2.73      			0.
2.732      			7.984709564094435e-6
2.734      			3.992285021525722e-6
2.736      			7.984430526884217e-6
2.738      			0.
2.74      			5.988113631882025e-6
2.742      			9.980015009543209e-6
2.744      			3.991936255483921e-6
2.746      			1.9959332547939006e-6
2.748      			3.991796766128797e-6
2.75      			3.9917270251067816e-6
2.752      			1.9958286432608127e-6
2.754      			1.9957937751866013e-6
2.756      			0.
2.758      			1.995724042693021e-6
2.76      			3.99137835654705e-6
2.762      			3.99130863014428e-6
2.764      			3.991238906177603e-6
2.766      			0.000011973507553940678
2.768      			3.9910994655520205e-6
2.77      			1.9955148744464297e-6
2.772      			5.986440052003922e-6
2.774      			5.9863354843217405e-6
2.776      			5.98623092029255e-6
2.778      			1.9953754533053865e-6
2.78      			5.986021803192379e-6
2.782      			3.9906115000806775e-6
2.784      			1.99527090023396e-6
2.786      			1.9952360516449262e-6
2.788      			5.985603612819521e-6
2.79      			0.
2.792      			1.9951315131812575e-6
2.794      			3.990193338921933e-6
2.796      			5.9851854808731035e-6
2.798      			3.990053971342797e-6
2.8      			7.979968582407978e-6
2.802      			5.984871920248276e-6
2.804      			3.989844938227255e-6
2.806      			1.994887632694537e-6
2.808      			3.98970559498418e-6
2.81      			1.9948179635062233e-6
2.812      			3.989566261473745e-6
2.814      			1.9947482991839744e-6
2.816      			3.98942693769493e-6
2.818      			0.
2.82      			3.9892876236467145e-6
2.822      			9.973044925678159e-6
2.824      			0.000013962019117648282
2.826      			3.989078670817037e-6
2.828      			1.994504512369004e-6
2.83      			1.994469690545432e-6
2.832      			3.9888697398754785e-6
2.834      			5.983200151637585e-6
2.836      			0.
2.838      			5.9829912462278975e-6
2.84      			3.9885911993289725e-6
2.842      			1.994260785135234e-6
2.844      			1.994225971821479e-6
2.846      			3.988382319446315e-6
2.848      			1.994156348840206e-6
2.85      			0.
2.852      			0.
2.854      			0.
2.856      			5.982051352382472e-6
2.858      			1.993982312653767e-6
2.86      			3.987895018123396e-6
2.862      			0.
2.864      			5.981633716566807e-6
2.866      			1.993843105574782e-6
2.868      			0.
2.87      			1.9937735093239454e-6
2.872      			1.9937387130204683e-6
2.874      			0.
2.876      			3.987338248114159e-6
2.878      			5.98090299419112e-6
2.88      			3.987199079902705e-6
2.882      			0.
2.884      			3.9870599214055595e-6
2.886      			3.986990345799533e-6
2.888      			9.96730193155426e-6
2.89      			1.993425600935971e-6
2.892      			1.993390816775061e-6
2.894      			1.9933560338280576e-6
2.896      			3.9866425041897965e-6
2.898      			3.986572943151038e-6
2.9      			0.
2.902      			5.979650742533537e-6
2.904      			3.98636427459885e-6
2.906      			1.9931473616345304e-6
2.908      			0.
2.91      			0.
2.912      			1.9930430419203665e-6
2.914      			7.97203308443576e-6
2.916      			0.
2.918      			1.992938733125649e-6
2.92      			0.
2.922      			1.9928691999946833e-6
2.924      			1.992834435248664e-6
2.926      			1.9927996717155353e-6
2.928      			0.
2.93      			0.
2.932      			0.
2.934      			3.9853212594213226e-6
2.936      			0.
2.938      			1.9925911159839197e-6
2.94      			0.
2.942      			1.9925216071069647e-6
2.944      			1.992486854486999e-6
2.946      			0.
2.948      			1.992417352883773e-6
2.95      			3.9847652078007714e-6
2.952      			5.977043568387195e-6
2.954      			0.
2.956      			0.
2.958      			1.992243620086865e-6
2.96      			3.984417754326348e-6
2.962      			1.9921741354512327e-6
2.964      			1.9921393949509774e-6
2.966      			3.9842093113246875e-6
2.968      			3.9841398351705385e-6
2.97      			5.976105542159071e-6
2.972      			1.9920004450655434e-6
2.974      			1.9919657106227654e-6
2.976      			0.
2.978      			0.
2.98      			0.
2.982      			1.991826784964074e-6
2.984      			0.
2.986      			5.975271988203882e-6
2.988      			0.
2.99      			3.98337575736443e-6
2.992      			0.
2.994      			5.974855298418992e-6
2.996      			0.
2.998      			3.9830979835462685e-6
3.      			0.000011949085638434316
3.002      			1.9914795555821195e-6
3.004      			1.991444839302272e-6
3.006      			0.
3.008      			1.99137541037358e-6
3.01      			1.9913406977246088e-6
3.012      			3.982611972571607e-6
3.014      			7.9650851042284e-6
3.016      			1.991236567038436e-6
3.018      			0.
3.02      			0.
3.022      			9.955662236210226e-6
3.024      			5.973293229188713e-6
3.026      			0.000011946378240560917
3.028      			7.964113353334911e-6
3.03      			1.990993637783565e-6
3.032      			1.9909589384429355e-6
3.034      			7.963696961247104e-6
3.036      			9.954447716950114e-6
3.038      			1.9908548476776125e-6
3.04      			3.981640306348965e-6
3.042      			5.972356379641709e-6
3.044      			5.972252303387429e-6
3.046      			0.000015925728615361124
3.048      			0.000011944088323520992
3.05      			7.962586795183283e-6
3.052      			3.981224023094086e-6
3.054      			0.00001592461860405683
3.056      			5.971627922027814e-6
3.058      			5.971523871160452e-6
3.06      			5.971419823919035e-6
3.062      			0.000031847017494951304
3.064      			9.952019567188785e-6
3.066      			9.95184617324758e-6
3.068      			0.000029855018356045055
3.07      			0.00002189329868767972
3.072      			0.000033834508494093506
3.074      			0.000041794841163177334
3.076      			0.00003980391717665954
3.078      			0.00003980322374588321
3.08      			0.0000457729098901573
3.082      			0.00008159376576146107
3.084      			0.00006965200129739451
3.086      			0.0001213913733063241
3.088      			0.0001333291857971772
3.09      			0.00014526658239020002
3.092      			0.000246749896522578
3.094      			0.00026266466931763324
3.096      			0.0003900104427684037
3.098      			0.0004397490129723632
3.1      			0.0006347397817462785
3.102      			0.0007063595541776356
3.104      			0.0008396578593567403
3.106      			0.0010525385577462173
3.108      			0.0012097018855562328
3.11      			0.0012415145227183382
3.112      			0.0011559413063832998
3.114      			0.001046496623011292
3.116      			0.0008714021639884262
3.118      			0.0008912816685325703
3.12      			0.0006704390436456304
3.122      			0.0006425757862229785
3.124      			0.0005450857566010151
3.126      			0.0004655030872336297
3.128      			0.0004535592124084231
3.13      			0.00042968019264064957
3.132      			0.00032424375848364464
3.134      			0.0003182705399090229
3.136      			0.000381917997676692
3.138      			0.00034212891564267114
3.14      			0.0003540574803848166
3.142      			0.0003659856297394416
3.144      			0.0003222208680209232
3.146      			0.00028641356255969437
3.148      			0.000256574349280571
3.15      			0.00027049227896858364
3.152      			0.00025855429457796215
3.154      			0.00017899601070444396
3.156      			0.00022075790321898713
3.158      			0.00013324794614804315
3.16      			0.0001292681450827371
3.162      			0.00008750306719986207
3.164      			0.00009943357265365367
3.166      			0.00010142047856599307
3.168      			0.00007158967982592477
3.17      			0.00006562273084459829
3.172      			0.00006363305556867982
3.174      			0.0000477239609495059
3.176      			0.00004374620273046991
3.178      			0.00003778015383595252
3.18      			0.000033802707167254726
3.182      			0.0000298253989566705
3.184      			0.000015906602582750885
3.186      			0.00002783607003026777
3.188      			0.000021870817223817635
3.19      			0.000013917550550884049
3.192      			0.000023858242853839673
3.194      			0.000013917066120359873
3.196      			9.940588512674147e-6
3.198      			0.000011928498620192425
3.2      			0.00001391633953780151
3.202      			3.976027817278401e-6
3.204      			9.93989656541148e-6
3.206      			5.963834156188318e-6
3.208      			9.939550627902834e-6
3.21      			3.975751067271232e-6
3.212      			5.963522828683576e-6
3.214      			1.98780635335723e-6
3.216      			3.975543530047337e-6
3.218      			5.963211533681332e-6
3.22      			1.987702591967494e-6
3.222      			1.987668007244756e-6
3.224      			1.9876334237254994e-6
3.226      			7.95039536563865e-6
3.228      			1.9875642602971817e-6
3.23      			1.987529680387995e-6
3.232      			1.987495101682039e-6
3.234      			7.949842096717003e-6
3.236      			0.
3.238      			0.
3.24      			3.974713597778535e-6
3.242      			1.9873222261985237e-6
3.244      			0.
3.246      			3.974506168851071e-6
3.248      			3.974437030686332e-6
3.25      			3.9743678949269245e-6
3.252      			3.9742987615727225e-6
3.254      			0.
3.256      			0.
3.258      			3.9740913759400985e-6
3.26      			0.
3.262      			1.9869765654377066e-6
3.264      			3.973884011949812e-6
3.266      			3.97381489542854e-6
3.268      			3.973745781311468e-6
3.27      			0.
3.272      			0.
3.274      			3.973538453384216e-6
3.276      			3.9734693488827e-6
3.278      			0.
3.28      			0.
3.282      			0.
3.284      			0.
3.286      			1.9865619312131197e-6
3.288      			3.973054772344293e-6
3.29      			0.
3.292      			1.9864582996943718e-6
3.294      			0.
3.296      			0.
3.298      			1.9863546789871994e-6
3.3      			1.9863201411537547e-6
3.302      			3.972571209042691e-6
3.304      			1.9862510690899094e-6
3.306      			1.9862165348593837e-6
3.308      			0.
3.31      			1.9861474700008114e-6
3.312      			1.98611293937264e-6
3.314      			1.9860784099451285e-6
3.316      			1.9860438817182136e-6
3.318      			3.972018709383666e-6
3.32      			1.9859748288659246e-6
3.322      			3.971880608480851e-6
3.324      			1.9859057808152727e-6
3.326      			1.985871258590404e-6
3.328      			0.
3.33      			0.
3.332      			0.
3.334      			1.985733181692517e-6
3.336      			0.
3.338      			5.956992451330951e-6
3.34      			1.9856296366190164e-6
3.342      			0.
3.344      			1.9855606125690375e-6
3.346      			1.9855261023435666e-6
3.348      			0.
3.35      			0.
3.352      			3.970845157728954e-6
3.354      			0.
3.356      			0.
3.358      			1.9853190661800608e-6
3.36      			0.
3.362      			1.9852500637199895e-6
3.364      			1.9852155642886284e-6
3.366      			0.
3.368      			0.
3.37      			3.9702241463769845e-6
3.372      			5.955232735658663e-6
3.374      			0.
3.376      			0.
3.378      			0.
3.38      			3.969879223995346e-6
3.382      			0.
3.384      			1.984870635911514e-6
3.386      			1.9848361496660777e-6
3.388      			0.
3.39      			3.969534361540358e-6
3.392      			1.984732698119592e-6
3.394      			3.969396433334326e-6
3.396      			0.
3.398      			1.98462925735653e-6
3.4      			3.969189558996403e-6
3.402      			0.
3.404      			0.
3.406      			1.984491353110415e-6
3.408      			0.
3.41      			0.
3.412      			1.9843879375021196e-6
3.414      			0.
3.416      			0.
3.418      			0.
3.42      			1.984250066789576e-6
3.422      			0.
3.424      			1.98418113861726e-6
3.426      			5.952440028980617e-6
3.428      			5.952336645700745e-6
3.43      			1.9840777553373263e-6
3.432      			0.
3.434      			0.
3.436      			1.983974382830145e-6
3.438      			0.
3.44      			1.983905473809388e-6
3.442      			1.9838710210940317e-6
3.444      			0.
3.446      			0.
3.448      			1.9837676701273033e-6
3.45      			3.967466444395932e-6
3.452      			1.9836987754649784e-6
3.454      			0.
3.456      			3.967259771175601e-6
3.458      			0.
3.46      			5.950683001485811e-6
3.462      			1.9835265597430923e-6
3.464      			3.9669842403737794e-6
3.466      			1.9834576818266e-6
3.468      			3.9668464893243216e-6
3.47      			0.
3.472      			0.
3.474      			0.
3.476      			0.
3.478      			3.966502153551086e-6
3.48      			1.9832166467848992e-6
3.482      			0.
3.484      			1.983147790389793e-6
3.486      			3.966226727970413e-6
3.488      			0.
3.49      			1.9830445147616544e-6
3.492      			0.
3.494      			1.982975670318516e-6
3.496      			3.965882499778892e-6
3.498      			5.9487204919658795e-6
3.5      			0.
3.502      			0.
3.504      			1.9828035801217125e-6
3.506      			0.
3.508      			0.
3.51      			3.965400680680284e-6
3.512      			0.
3.514      			0.
3.516      			0.
3.518      			1.982562704020495e-6
3.52      			0.
3.522      			7.929975572105262e-6
3.524      			0.
3.526      			0.
3.528      			1.9823906854907017e-6
3.53      			0.
3.532      			0.
3.534      			1.9822874887003827e-6
3.536      			1.98225309215783e-6
3.538      			5.94665609042685e-6
3.54      			5.946552907961044e-6
3.542      			1.9821499096919613e-6
3.544      			0.
3.546      			0.
3.548      			0.
3.55      			1.9820123497793267e-6
3.552      			0.
3.554      			1.981943576982687e-6
3.556      			7.927636769496278e-6
3.558      			0.
3.56      			1.9818404267359278e-6
3.562      			0.
3.564      			0.
3.566      			1.981737287225518e-6
3.568      			1.9817029097742807e-6
3.57      			1.981668533515723e-6
3.572      			0.
3.574      			5.94479935372919e-6
3.576      			0.
3.578      			1.9815310404070437e-6
3.58      			3.962993340221905e-6
3.582      			1.9814623010071675e-6
3.584      			5.944283799286884e-6
3.586      			0.
3.588      			1.981359200849036e-6
3.59      			3.962649673027718e-6
3.592      			1.98129047337068e-6
3.594      			1.9812561114194347e-6
3.596      			0.
3.598      			1.9811873910925022e-6
3.6      			0.
3.602      			0.
3.604      			3.9621686390801295e-6
3.606      			3.962099929478255e-6
3.608      			0.
3.61      			5.94294377613508e-6
3.612      			1.980946907485073e-6
3.614      			0.
3.616      			0.
3.618      			0.
3.62      			3.961619028982241e-6
3.622      			5.942325507661364e-6
3.624      			3.961481650281589e-6
3.626      			0.
3.628      			1.9806721405542417e-6
3.63      			0.
3.632      			9.903017303654828e-6
3.634      			1.980569122605402e-6
3.636      			3.961069571340943e-6
3.638      			1.980500449926113e-6
3.64      			1.980466115372264e-6
3.642      			0.
3.644      			7.92158979934339e-6
3.646      			3.960726237706312e-6
3.648      			0.
3.65      			1.9802944604584974e-6
3.652      			1.980260133046406e-6
3.654      			1.9802258068243913e-6
3.656      			5.9405744453771735e-6
3.658      			1.9801571579503435e-6
3.66      			0.
3.662      			1.980088513835858e-6
3.664      			0.
3.666      			3.960039748960882e-6
3.668      			1.979985556587228e-6
3.67      			0.
3.672      			1.9799169243694845e-6
3.674      			3.95976522008966e-6
3.676      			1.9798482969095715e-6
3.678      			1.979813984963647e-6
3.68      			1.9797796742069948e-6
3.682      			3.9594907292791055e-6
3.684      			3.959422112522518e-6
3.686      			1.979676749072052e-6
3.688      			3.959284886143741e-6
3.69      			5.938824414781953e-6
3.692      			1.9795738346383336e-6
3.694      			1.9795395322048554e-6
3.696      			1.979505230960155e-6
3.698      			0.
3.7      			0.
3.702      			0.
3.704      			1.979368037867893e-6
3.706      			1.979333742566154e-6
3.708      			0.
3.71      			3.9585303110556685e-6
3.712      			0.
3.714      			0.
3.716      			0.
3.718      			1.979127995710102e-6
3.72      			0.
3.722      			5.9371782687891036e-6
3.724      			1.9790251383214007e-6
3.726      			3.957981709801903e-6
3.728      			5.936869718004875e-6
3.73      			0.
3.732      			1.9788880117660935e-6
3.734      			1.9788537330964317e-6
3.736      			5.936458366842937e-6
3.738      			1.978785179319674e-6
3.74      			1.9787509042124547e-6
3.742      			1.978716630292593e-6
3.744      			1.9786823575600265e-6
3.746      			0.
3.748      			5.935841446969603e-6
3.75      			1.978579546485485e-6
3.752      			1.978545278501485e-6
3.754      			0.
3.756      			5.935430238283153e-6
3.758      			1.978442481671161e-6
3.76      			3.95681643686948e-6
3.762      			0.
3.764      			1.978339695522058e-6
3.766      			3.956610871691348e-6
3.768      			0.
3.77      			0.
3.772      			0.
3.774      			3.956336818010156e-6
3.776      			3.9562683105217115e-6
3.778      			1.978099902702881e-6
3.78      			3.9561313026621845e-6
3.782      			9.890157005727138e-6
3.784      			5.933991456437478e-6
3.786      			5.933888712996676e-6
3.788      			1.977928657704564e-6
3.79      			3.955788824525561e-6
3.792      			3.955720336013626e-6
3.794      			1.9778259249366007e-6
3.796      			7.911166732208324e-6
3.798      			1.9777574423531936e-6
3.8      			5.933169608519626e-6
3.802      			5.933066893536197e-6
3.804      			5.932964182109108e-6
3.806      			7.9104819656509e-6
3.808      			5.932758769923213e-6
3.81      			3.955104046109358e-6
3.812      			7.91007116261395e-6
3.814      			5.932450678312306e-6
3.816      			0.
3.818      			5.932245301681504e-6
3.82      			1.9773808728994964e-6
3.822      			3.95469329284677e-6
3.824      			0.
3.826      			3.9545563940511864e-6
3.828      			3.954487948207581e-6
3.83      			5.931629257099906e-6
3.832      			9.885877659070322e-6
3.834      			9.88570656223009e-6
3.836      			0.0000118626425655746
3.838      			0.000015816583018106
3.84      			9.885193307242027e-6
3.842      			0.000011862026680907032
3.844      			0.00001976970233371488
3.846      			0.000017792424189983637
3.848      			0.00003558423258056143
3.85      			0.0000197686760013712
3.852      			0.000033606167654259334
3.854      			0.00004151278286191741
3.856      			0.00006918677421454698
3.858      			0.00007313903857879732
3.86      			0.00009883482842125471
3.862      			0.00012057640430366938
3.864      			0.00015417699679405578
3.866      			0.00016405729897899323
3.868      			0.00016207790067766586
3.87      			0.0002312534912576437
3.872      			0.0003261210759560937
3.874      			0.00028065691867113537
3.876      			0.00030832198476037006
3.878      			0.0003814430356804495
3.88      			0.00037946008200347495
3.882      			0.0004347904886182399
3.884      			0.0003458500872811689
3.886      			0.0003577016164242278
3.888      			0.00035571921066613943
3.89      			0.00024702295635097157
3.892      			0.0002786370746727492
3.894      			0.00023515771854648856
3.896      			0.00022132108311319674
3.898      			0.0002213172547856743
3.9      			0.00020155329921643146
3.902      			0.00019364589871194863
3.904      			0.00016597932794828774
3.906      			0.00016004872648922187
3.908      			0.00016992533840686245
3.91      			0.0001521398227260523
3.912      			0.00014225815298631923
3.914      			0.00013830414558296437
3.916      			0.00020745263043462145
3.918      			0.00016991064443071856
3.92      			0.00019361575793212554
3.922      			0.00012841639407984242
3.924      			0.0001699018292647777
3.926      			0.00013631422656369666
3.928      			0.00013038526625245499
3.93      			0.00012445651099824107
3.932      			0.00011457702876406974
3.934      			0.00009284529708881127
3.936      			0.00009086829392007338
3.938      			0.00006321163315382969
3.94      			0.00006913652827833453
3.942      			0.00006913533283601016
3.944      			0.00008098570385245895
3.946      			0.00006913294207537973
3.948      			0.000045429433583217034
3.95      			0.000043453489501772624
3.952      			0.000029626866961906196
3.954      			0.00004937725789295158
3.956      			0.00003160089869583723
3.958      			0.000043450484493730805
3.96      			0.00003554978179635809
3.962      			0.00003554916721000533
3.964      			0.00001579935673106765
3.966      			0.000027648396300814817
3.968      			0.000011849107859480151
3.97      			0.00001974817170948867
3.972      			0.00001974783033164666
3.974      			7.898995586242775e-6
3.976      			7.898859044547556e-6
3.978      			0.000017772125642038716
3.98      			1.9746464938295384e-6
3.982      			0.000011847674171675219
3.984      			0.000015796625849936992
3.986      			1.97454410171824e-6
3.988      			5.923529920122471e-6
3.99      			5.923427538629438e-6
3.992      			5.923325160675441e-6
3.994      			5.9232227862602955e-6
3.996      			0.
3.998      			0.00001776905414413747
4.      			9.871526140410217e-6
4.002      			7.897084431979406e-6
4.004      			0.000021716606879956682
4.006      			3.9484057427166805e-6
4.008      			0.000013819181283662294
4.01      			7.896538557754342e-6
4.012      			1.9741005252473387e-6
4.014      			5.922199236705292e-6
4.016      			5.922096901205401e-6
4.018      			3.947996379494775e-6
4.02      			0.
4.022      			3.947859943949933e-6
4.024      			5.921687594570511e-6
4.026      			7.895447035669385e-6
4.028      			1.9738276541564336e-6
4.03      			1.9737935505740374e-6
4.032      			3.9475188963401945e-6
4.034      			3.947450693889103e-6
4.036      			1.973691246897339e-6
4.038      			3.947314296056799e-6
4.04      			9.868115251688357e-6
4.042      			3.947177907650186e-6
4.044      			7.89421943396242e-6
4.046      			5.9205622930024335e-6
4.048      			1.973486671355651e-6
4.05      			1.973452579555064e-6
4.052      			7.893673955729289e-6
4.054      			1.973384399487364e-6
4.056      			0.
4.058      			3.946632448261113e-6
4.06      			0.
4.062      			5.919744160452457e-6
4.064      			1.9732139699271993e-6
4.066      			3.946359775095328e-6
4.068      			1.973145806345486e-6
4.07      			1.973111726320603e-6
4.072      			3.946155294945911e-6
4.074      			1.973043569802482e-6
4.076      			1.973009493309121e-6
4.078      			0.
4.08      			1.972941343853494e-6
4.082      			1.972907270891106e-6
4.084      			1.972873199105587e-6
4.086      			1.972839128496876e-6
4.088      			1.9728050590649118e-6
4.09      			0.
4.092      			1.972736923730981e-6
4.094      			0.
4.096      			0.
4.098      			3.945269459108327e-6
4.1      			3.945201334362803e-6
4.102      			5.917699817954879e-6
4.104      			0.
4.106      			1.9724984871207935e-6
4.108      			0.
4.11      			0.
4.112      			1.9723963176454243e-6
4.114      			5.917086790516876e-6
4.116      			0.
4.118      			0.
4.12      			0.
4.122      			0.
4.124      			3.944384020887643e-6
4.126      			5.916473890075417e-6
4.128      			0.
4.13      			5.916269618142898e-6
4.132      			1.9720558291553534e-6
4.134      			1.9720217867717533e-6
4.136      			1.9719877455634385e-6
4.138      			0.
4.14      			1.9719196666724206e-6
4.142      			0.
4.144      			1.9718515924818125e-6
4.146      			1.97181755714901e-6
4.148      			0.
4.15      			1.971749490008104e-6
4.152      			0.
4.154      			0.
4.156      			9.858236990537901e-6
4.158      			5.914840109470154e-6
4.16      			0.
4.162      			3.943090633557197e-6
4.164      			1.971511292017886e-6
4.166      			0.
4.168      			1.971443246019517e-6
4.17      			0.
4.172      			1.971375204718153e-6
4.174      			3.942682371657389e-6
4.176      			3.942614336226611e-6
4.178      			1.971273151571924e-6
4.18      			1.97123913620449e-6
4.182      			3.942410244021883e-6
4.184      			3.942342217982438e-6
4.186      			1.971137097145261e-6
4.188      			0.
4.19      			1.9710690769743968e-6
4.192      			1.9710350686493685e-6
4.194      			1.971001061497862e-6
4.196      			1.970967055519817e-6
4.198      			1.970933050715172e-6
4.2      			3.941798094167733e-6
4.202      			0.
4.204      			0.
4.206      			0.
4.208      			1.9707630442908254e-6
4.21      			1.9707290465253063e-6
4.212      			1.970695049932763e-6
4.214      			0.
4.216      			1.9706270602663594e-6
4.218      			0.
4.22      			0.
4.222      			1.97052508456255e-6
4.224      			0.
4.226      			1.9704571066231673e-6
4.228      			0.
4.23      			1.970389133373743e-6
4.232      			0.
4.234      			1.9703211648137925e-6
4.236      			1.9702871822922186e-6
4.238      			1.9702532009428308e-6
4.24      			3.940438441531137e-6
4.242      			0.
4.244      			1.9701512639271793e-6
4.246      			1.9701172872659304e-6
4.248      			1.970083311776565e-6
4.25      			0.
4.252      			1.9700153643132417e-6
4.254      			5.9099441770174866e-6
4.256      			1.9699474215367232e-6
4.258      			1.9699134519058646e-6
4.26      			3.939758966893051e-6
4.262      			1.969845516158645e-6
4.264      			1.969811550042163e-6
4.266      			1.9697775850970192e-6
4.268      			3.939487242646304e-6
4.27      			3.939419317441003e-6
4.272      			3.939351394578014e-6
4.274      			0.
4.276      			1.9696077779392434e-6
4.278      			1.969573820020853e-6
4.28      			5.908619589820131e-6
4.282      			0.
4.284      			0.
4.286      			1.969438000055824e-6
4.288      			5.90821214397419e-6
4.29      			1.9693700970975803e-6
4.292      			5.908008442122943e-6
4.294      			0.
4.296      			3.938536502878382e-6
4.298      			1.969234305227213e-6
4.3      			0.
4.302      			0.
4.304      			1.9691324736128862e-6
4.306      			3.9381970641635555e-6
4.308      			0.
4.31      			1.9690306525296996e-6
4.312      			0.
4.314      			0.
4.316      			1.9689288419760198e-6
4.318      			3.937789814928803e-6
4.32      			0.
4.322      			0.
4.324      			0.
4.326      			3.937518362228711e-6
4.328      			0.
4.33      			1.9686913249563427e-6
4.332      			0.
4.334      			0.
4.336      			1.9685895494892252e-6
4.338      			0.
4.34      			0.
4.342      			0.
4.344      			0.
4.346      			1.968419947093073e-6
4.348      			1.9683860301206548e-6
4.35      			1.9683521143170336e-6
4.352      			0.
4.354      			0.
4.356      			0.
4.358      			1.968216462789305e-6
4.36      			0.
4.362      			0.
4.364      			0.
4.366      			0.
4.368      			0.
4.37      			1.968013020551339e-6
4.372      			0.
4.374      			0.
4.376      			1.9679113152029558e-6
4.378      			0.
4.38      			1.967843517477223e-6
4.382      			1.9678096203661323e-6
4.384      			0.
4.386      			1.9677418296472008e-6
4.388      			1.9677079360392394e-6
4.39      			1.967674043598867e-6
4.392      			3.935280304652046e-6
4.394      			0.
4.396      			0.
4.398      			1.96753848551206e-6
4.4      			0.
4.402      			1.967470713472623e-6
4.404      			1.9674368292036844e-6
4.406      			0.
4.408      			0.
4.41      			0.
4.412      			0.
4.414      			0.
4.416      			0.
4.418      			0.
4.42      			5.9014973911888355e-6
4.422      			1.9671319232957945e-6
4.424      			0.
4.426      			0.
4.428      			0.
4.43      			1.9669964398922292e-6
4.432      			0.
4.434      			1.9669287051886254e-6
4.436      			0.
4.438      			3.933721950299662e-6
4.44      			0.
4.442      			0.
4.444      			0.
4.446      			0.
4.448      			1.966691670458225e-6
4.45      			1.9666578130174878e-6
4.452      			0.
4.454      			0.
4.456      			0.
4.458      			1.9665223949111418e-6
4.46      			0.
4.462      			0.
4.464      			1.966420843569132e-6
4.466      			1.966386995452474e-6
4.468      			0.
4.47      			0.
4.472      			0.
4.474      			0.
4.476      			7.864871089386276e-6
4.478      			0.
4.48      			0.
4.482      			0.
4.484      			0.
4.486      			0.
4.488      			0.
4.49      			1.965980908924029e-6
4.492      			1.9659470759507884e-6
4.494      			1.965913244142005e-6
4.496      			0.
4.498      			1.965845584017569e-6
4.5      			0.
4.502      			5.897333785650723e-6
4.504      			0.
4.506      			0.
4.508      			1.965676454080274e-6
4.51      			0.
4.512      			1.9656088102536117e-6
4.514      			1.9655749900860954e-6
4.516      			3.93108234216475e-6
4.518      			0.
4.52      			0.
4.522      			0.
4.524      			0.
4.526      			1.965372093518614e-6
4.528      			1.96533828149641e-6
4.53      			0.
4.532      			1.9652706609420683e-6
4.534      			3.930473704819622e-6
4.536      			3.9304060900815e-6
4.538      			1.965169238834824e-6
4.54      			0.
4.542      			0.
4.544      			0.
4.546      			0.
4.548      			0.
4.55      			1.964966426021758e-6
4.552      			1.9649326279561015e-6
4.554      			1.9648988310531006e-6
4.556      			3.9297300706253905e-6
4.558      			0.
4.56      			1.9647974473194313e-6
4.562      			1.964763655066453e-6
4.564      			1.9647298639758303e-6
4.566      			0.
4.568      			0.
4.57      			0.
4.572      			0.
4.574      			1.9645609259559523e-6
4.576      			0.
4.578      			1.964493358882392e-6
4.58      			1.9644595770884563e-6
4.582      			0.
4.584      			0.
4.586      			5.893074716031914e-6
4.588      			0.
4.59      			0.
4.592      			0.
4.594      			0.
4.596      			1.9641893645573122e-6
4.598      			1.9641555932175633e-6
4.6      			0.
4.602      			1.9640880540218366e-6
4.604      			1.964054286165739e-6
4.606      			3.928041038941476e-6
4.608      			3.9279735078735485e-6
4.61      			3.927905979127576e-6
4.612      			5.8917576790551575e-6
4.614      			0.
4.616      			0.
4.618      			0.
4.62      			1.9637841851114215e-6
4.622      			1.9637504277030424e-6
4.624      			1.9637166714552213e-6
4.626      			7.854731665471595e-6
4.628      			5.890947487323045e-6
4.63      			7.854461638698039e-6
4.632      			1.9635816580683237e-6
4.634      			5.890643722867189e-6
4.636      			9.817570791683344e-6
4.638      			3.926960820422161e-6
4.64      			0.000015707573305964572
4.642      			7.85365166976033e-6
4.644      			0.00001374365420956188
4.646      			0.000023560145151707106
4.648      			9.816558434915686e-6
4.65      			0.000027485891241439812
4.652      			0.000017669197852297584
4.654      			0.000021595315136606388
4.656      			0.000013742237104940348
4.658      			0.000015705143941997674
4.66      			0.000025520420345962207
4.662      			0.000019630755231731286
4.664      			0.00001570433432099129
4.666      			9.815040291169982e-6
4.668      			9.81487163751662e-6
4.67      			0.000019629405979318344
4.672      			9.814534347597343e-6
4.674      			0.00002159160456492782
4.676      			3.925678832343732e-6
4.678      			0.000019628056912365102
4.68      			0.000011776631804760233
4.682      			5.888214734527176e-6
4.684      			9.813522616917548e-6
4.686      			0.000011776024818499991
4.688      			0.0000176637337554762
4.69      			7.850413463835412e-6
4.692      			0.000011775417894806595
4.694      			0.00001570028746774782
4.696      			5.8875066568827874e-6
4.698      			3.924937011223455e-6
4.7      			0.000011774608760524875
4.702      			0.000015699208659105002
4.704      			9.811836862568028e-6
4.706      			0.000011774001982783159
4.708      			5.886899868716489e-6
4.71      			0.00001373586374886918
4.712      			7.848930178384033e-6
4.714      			9.810994202557157e-6
4.716      			1.9621651375846637e-6
4.718      			9.810657179078232e-6
4.72      			0.000013734684146430235
4.722      			9.810320178753111e-6
4.724      			3.924060674908994e-6
4.726      			0.000013733976482211176
4.728      			7.847851777338879e-6
4.73      			3.923858499021898e-6
4.732      			1.9618955558445108e-6
4.734      			7.84744745334138e-6
4.736      			7.847312687933571e-6
4.738      			5.8853834453657814e-6
4.74      			3.9235215855017786e-6
4.742      			5.885181314610656e-6
4.744      			1.961693418146523e-6
4.746      			0.
4.748      			5.884878144509451e-6
4.75      			1.9615923649166877e-6
4.752      			5.8846760484608834e-6
4.754      			9.807625009402892e-6
4.756      			5.884473966292438e-6
4.758      			3.922915286941876e-6
4.76      			5.8842718980026835e-6
4.762      			5.884170869061869e-6
4.764      			0.
4.766      			1.9613229405291567e-6
4.768      			0.
4.77      			1.9612555959960626e-6
4.772      			3.922443850927513e-6
4.774      			3.922376512175063e-6
4.776      			0.
4.778      			0.
4.78      			1.961087254894748e-6
4.782      			3.922107180284504e-6
4.784      			1.9610199265455396e-6
4.786      			1.960986264104551e-6
4.788      			7.843810411276907e-6
4.79      			0.
4.792      			0.
4.794      			0.
4.796      			1.9608179692333845e-6
4.798      			0.
